INT	INT	STRING	STRING	INT	INT	INT	STRING	INT	STRING	INT	INT	INT	INT	INT	INT	INT	INT	INT	INT	INT	INT	INT	INT	INT	INT	INT	INT	INT	INT	INT	INT	INT	INT	INT	INT	INT	INT	INT	INT	INT	INT	INT
titleindex	INT	名称	描述	logictype	level	INT	描述	启用（0不启用1启用）	STRING	是否动图	颜色ID	图标版	INT	INT	INT	INT	INT	INT	INT	INT	INT	INT	INT	INT	INT	INT	INT	INT	INT	INT	INT	INT	INT	INT	INT	INT	INT	INT	INT	INT	INT	INT
1	2	$N的夫君	在天愿做比翼鸟，在地愿做连理枝。	22	1	-1	夫妻	1	与命定之人结婚后获得的称号。	0	106	-1	-1	-1	-1	-1	-1	-1	-1	-1	-1	-1	-1	-1	-1	-1	-1	-1	-1	-1	-1	-1	-1	-1	-1	-1	-1	-1	-1	-1	-1	-1
2	2	$N的娘子	在天愿做比翼鸟，在地愿做连理枝。	22	1	-1	夫妻	1	与命定之人结婚后获得的称号。	0	106	-1	-1	-1	-1	-1	-1	-1	-1	-1	-1	-1	-1	-1	-1	-1	-1	-1	-1	-1	-1	-1	-1	-1	-1	-1	-1	-1	-1	-1	-1	-1
3	8	漕运商	初级漕运商人，漕运伊始，继续努力。	6	1	-1	漕运	1	漕运1次获得的称号。	0	106	-1	-1	-1	-1	-1	-1	-1	-1	-1	-1	-1	-1	-1	-1	-1	-1	-1	-1	-1	-1	-1	-1	-1	-1	-1	-1	-1	-1	-1	-1	-1
4	8	漕运走卒	二级漕运商人，漕运熟手，继续努力。	6	2	-1	漕运	1	漕运100次获得的称号。	0	106	-1	-1	-1	-1	-1	-1	-1	-1	-1	-1	-1	-1	-1	-1	-1	-1	-1	-1	-1	-1	-1	-1	-1	-1	-1	-1	-1	-1	-1	-1	-1
5	8	漕运押解官	三级漕运商人，漕运能手，再接再厉。	6	3	-1	漕运	1	漕运1000次获得的称号。	0	106	-1	-1	-1	-1	-1	-1	-1	-1	-1	-1	-1	-1	-1	-1	-1	-1	-1	-1	-1	-1	-1	-1	-1	-1	-1	-1	-1	-1	-1	-1	-1
6	8	漕运统领	四级漕运商人，漕运高手，再接再厉。	6	4	-1	漕运	1	漕运3000次获得的称号。	0	106	-1	-1	-1	-1	-1	-1	-1	-1	-1	-1	-1	-1	-1	-1	-1	-1	-1	-1	-1	-1	-1	-1	-1	-1	-1	-1	-1	-1	-1	-1	-1
7	8	漕运调度副使	五级漕运商人，漕运名人，再接再厉。	6	5	-1	漕运	1	漕运7500次获得的称号。	0	106	-1	-1	-1	-1	-1	-1	-1	-1	-1	-1	-1	-1	-1	-1	-1	-1	-1	-1	-1	-1	-1	-1	-1	-1	-1	-1	-1	-1	-1	-1	-1
8	8	漕运调度使	六级漕运商人，漕运权威，业界典范。	6	6	-1	漕运	1	漕运20000次获得的称号。	0	106	-1	-1	-1	-1	-1	-1	-1	-1	-1	-1	-1	-1	-1	-1	-1	-1	-1	-1	-1	-1	-1	-1	-1	-1	-1	-1	-1	-1	-1	-1	-1
9	8	漕运总提调	七级漕运商人，漕运神话，不朽传奇。	6	7	-1	漕运	1	漕运50000次获得的称号。	0	106	-1	-1	-1	-1	-1	-1	-1	-1	-1	-1	-1	-1	-1	-1	-1	-1	-1	-1	-1	-1	-1	-1	-1	-1	-1	-1	-1	-1	-1	-1	-1
10	9	平贼士兵	杀贼勇猛，冲锋在前！	17	1	-1	贼兵入侵	1	杀反贼积分100分获得的称号（杀死贼兵喽得1分，杀死贼兵头目得5分）。	0	106	-1	-1	19	31	26	31	-1	-1	-1	-1	-1	-1	-1	-1	-1	-1	-1	-1	-1	-1	-1	-1	-1	-1	-1	-1	-1	-1	-1	-1	-1
11	9	平贼队长	杀贼高手，无往不利！	17	2	-1	贼兵入侵	1	杀反贼积分500分获得的称号（杀死贼兵喽得1分，杀死贼兵头目得5分）。	0	106	-1	-1	19	64	26	64	-1	-1	-1	-1	-1	-1	-1	-1	-1	-1	-1	-1	-1	-1	-1	-1	-1	-1	-1	-1	-1	-1	-1	-1	-1
12	9	平贼统领	杀贼精英，贼兵克星！	17	3	-1	贼兵入侵	1	杀反贼积分5000分获得的称号（杀死贼兵喽得1分，杀死贼兵头目得5分）。	0	106	-1	-1	19	124	26	124	-1	-1	-1	-1	-1	-1	-1	-1	-1	-1	-1	-1	-1	-1	-1	-1	-1	-1	-1	-1	-1	-1	-1	-1	-1
13	9	荡寇将军	大将之才，荡平群贼！	17	4	-1	贼兵入侵	1	杀反贼积分30000分获得的称号（杀死贼兵喽得1分，杀死贼兵头目得5分）。	0	106	-1	-1	19	183	26	183	-1	-1	-1	-1	-1	-1	-1	-1	-1	-1	-1	-1	-1	-1	-1	-1	-1	-1	-1	-1	-1	-1	-1	-1	-1
14	9	荡寇元帅	元帅之才，荡平群贼！	17	5	-1	贼兵入侵	1	杀反贼积分65000分获得的称号（杀死贼兵喽得1分，杀死贼兵头目得5分）。	0	106	-1	-1	19	369	26	369	-1	-1	-1	-1	-1	-1	-1	-1	-1	-1	-1	-1	-1	-1	-1	-1	-1	-1	-1	-1	-1	-1	-1	-1	-1
15	10	比武大会状元	武艺超群，傲视天下。	18	3	168	比武大会	1	比武大会取得第一名。	0	106	-1	-1	20	6	27	6	-1	-1	-1	-1	-1	-1	-1	-1	-1	-1	-1	-1	-1	-1	-1	-1	-1	-1	-1	-1	-1	-1	-1	-1	-1
16	10	比武大会榜眼	武功卓绝，天下第二。	18	2	168	比武大会	1	比武大会取得第二名。	0	106	-1	-1	20	4	27	4	-1	-1	-1	-1	-1	-1	-1	-1	-1	-1	-1	-1	-1	-1	-1	-1	-1	-1	-1	-1	-1	-1	-1	-1	-1
17	10	比武大会探花	武林高手，天下第三。	18	1	168	比武大会	1	比武大会取得第三名。	0	106	-1	-1	20	2	27	2	-1	-1	-1	-1	-1	-1	-1	-1	-1	-1	-1	-1	-1	-1	-1	-1	-1	-1	-1	-1	-1	-1	-1	-1	-1
18	11	科举状元	学识渊博，在科举考试中力压群儒！	5	3	168	科举	1	科举取得第一名。	0	106	-1	-1	20	6	27	6	-1	-1	-1	-1	-1	-1	-1	-1	-1	-1	-1	-1	-1	-1	-1	-1	-1	-1	-1	-1	-1	-1	-1	-1	-1
19	11	科举榜眼	学识过人，在科举考试中获得第二！	5	2	168	科举	1	科举取得第二名。	0	106	-1	-1	20	4	27	4	-1	-1	-1	-1	-1	-1	-1	-1	-1	-1	-1	-1	-1	-1	-1	-1	-1	-1	-1	-1	-1	-1	-1	-1	-1
20	11	科举探花	学识过人，在科举考试中获得第三！	5	1	168	科举	1	科举取得第三名。	0	106	-1	-1	20	2	27	2	-1	-1	-1	-1	-1	-1	-1	-1	-1	-1	-1	-1	-1	-1	-1	-1	-1	-1	-1	-1	-1	-1	-1	-1	-1
21	12	少林侠士	少林初级男弟子。	21	1	-1	师门贡献	1	少林男弟子默认给予的称号。	0	106	-1	-1	-1	-1	-1	-1	-1	-1	-1	-1	-1	-1	-1	-1	-1	-1	-1	-1	-1	-1	-1	-1	-1	-1	-1	-1	-1	-1	-1	-1	-1
22	12	灰衣护法	少林中级男弟子。	21	2	-1	师门贡献	1	少林男弟子的师门贡献度达到1000给予的称号。	0	106	-1	-1	-1	-1	-1	-1	-1	-1	-1	-1	-1	-1	-1	-1	-1	-1	-1	-1	-1	-1	-1	-1	-1	-1	-1	-1	-1	-1	-1	-1	-1
23	12	金身罗汉	少林高级男弟子。	21	3	-1	师门贡献	1	少林男弟子的师门贡献度达到2500给予的称号。	0	106	-1	-1	-1	-1	-1	-1	-1	-1	-1	-1	-1	-1	-1	-1	-1	-1	-1	-1	-1	-1	-1	-1	-1	-1	-1	-1	-1	-1	-1	-1	-1
24	12	地藏菩萨	少林资深男弟子。	21	4	-1	师门贡献	1	少林男弟子的师门贡献度达到5000给予的称号。	0	106	-1	-1	-1	-1	-1	-1	-1	-1	-1	-1	-1	-1	-1	-1	-1	-1	-1	-1	-1	-1	-1	-1	-1	-1	-1	-1	-1	-1	-1	-1	-1
25	12	少林侠女	少林初级女弟子。	21	1	-1	师门贡献	1	少林女弟子默认给予的称号。	0	106	-1	-1	-1	-1	-1	-1	-1	-1	-1	-1	-1	-1	-1	-1	-1	-1	-1	-1	-1	-1	-1	-1	-1	-1	-1	-1	-1	-1	-1	-1	-1
26	12	白衣侍者	少林中级女弟子。	21	2	-1	师门贡献	1	少林女弟子的师门贡献度达到1000给予的称号。	0	106	-1	-1	-1	-1	-1	-1	-1	-1	-1	-1	-1	-1	-1	-1	-1	-1	-1	-1	-1	-1	-1	-1	-1	-1	-1	-1	-1	-1	-1	-1	-1
27	12	渡世观音	少林高级女弟子。	21	3	-1	师门贡献	1	少林女弟子的师门贡献度达到2500给予的称号。	0	106	-1	-1	-1	-1	-1	-1	-1	-1	-1	-1	-1	-1	-1	-1	-1	-1	-1	-1	-1	-1	-1	-1	-1	-1	-1	-1	-1	-1	-1	-1	-1
28	12	迦蓝菩萨	少林资深女弟子。	21	4	-1	师门贡献	1	少林女弟子的师门贡献度达到5000给予的称号。	0	106	-1	-1	-1	-1	-1	-1	-1	-1	-1	-1	-1	-1	-1	-1	-1	-1	-1	-1	-1	-1	-1	-1	-1	-1	-1	-1	-1	-1	-1	-1	-1
29	12	明教侠士	明教初级男弟子。	21	1	-1	师门贡献	1	明教男弟子默认给予的称号。	0	106	-1	-1	-1	-1	-1	-1	-1	-1	-1	-1	-1	-1	-1	-1	-1	-1	-1	-1	-1	-1	-1	-1	-1	-1	-1	-1	-1	-1	-1	-1	-1
30	12	侍火侠士	明教中级男弟子。	21	2	-1	师门贡献	1	明教男弟子的师门贡献度达到1000给予的称号。	0	106	-1	-1	-1	-1	-1	-1	-1	-1	-1	-1	-1	-1	-1	-1	-1	-1	-1	-1	-1	-1	-1	-1	-1	-1	-1	-1	-1	-1	-1	-1	-1
31	12	护教法王	明教高级男弟子。	21	3	-1	师门贡献	1	明教男弟子的师门贡献度达到2500给予的称号。	0	106	-1	-1	-1	-1	-1	-1	-1	-1	-1	-1	-1	-1	-1	-1	-1	-1	-1	-1	-1	-1	-1	-1	-1	-1	-1	-1	-1	-1	-1	-1	-1
32	12	光明神使	明教资深男弟子。	21	4	-1	师门贡献	1	明教男弟子的师门贡献度达到5000给予的称号。	0	106	-1	-1	-1	-1	-1	-1	-1	-1	-1	-1	-1	-1	-1	-1	-1	-1	-1	-1	-1	-1	-1	-1	-1	-1	-1	-1	-1	-1	-1	-1	-1
33	12	明教侠女	明教初级女弟子。	21	1	-1	师门贡献	1	明教女弟子默认给予的称号。	0	106	-1	-1	-1	-1	-1	-1	-1	-1	-1	-1	-1	-1	-1	-1	-1	-1	-1	-1	-1	-1	-1	-1	-1	-1	-1	-1	-1	-1	-1	-1	-1
34	12	侍火侠女	明教中级女弟子。	21	2	-1	师门贡献	1	明教女弟子的师门贡献度达到1000给予的称号。	0	106	-1	-1	-1	-1	-1	-1	-1	-1	-1	-1	-1	-1	-1	-1	-1	-1	-1	-1	-1	-1	-1	-1	-1	-1	-1	-1	-1	-1	-1	-1	-1
35	12	护教散人	明教高级女弟子。	21	3	-1	师门贡献	1	明教女弟子的师门贡献度达到2500给予的称号。	0	106	-1	-1	-1	-1	-1	-1	-1	-1	-1	-1	-1	-1	-1	-1	-1	-1	-1	-1	-1	-1	-1	-1	-1	-1	-1	-1	-1	-1	-1	-1	-1
36	12	光明圣女	明教资深女弟子。	21	4	-1	师门贡献	1	明教女弟子的师门贡献度达到5000给予的称号。	0	106	-1	-1	-1	-1	-1	-1	-1	-1	-1	-1	-1	-1	-1	-1	-1	-1	-1	-1	-1	-1	-1	-1	-1	-1	-1	-1	-1	-1	-1	-1	-1
37	12	丐帮侠士	丐帮初级男弟子。	21	1	-1	师门贡献	1	丐帮男弟子默认给予的称号。	0	106	-1	-1	-1	-1	-1	-1	-1	-1	-1	-1	-1	-1	-1	-1	-1	-1	-1	-1	-1	-1	-1	-1	-1	-1	-1	-1	-1	-1	-1	-1	-1
38	12	青莲弟子	丐帮中级男弟子。	21	2	-1	师门贡献	1	丐帮男弟子的师门贡献度达到1000给予的称号。	0	106	-1	-1	-1	-1	-1	-1	-1	-1	-1	-1	-1	-1	-1	-1	-1	-1	-1	-1	-1	-1	-1	-1	-1	-1	-1	-1	-1	-1	-1	-1	-1
39	12	玄武长老	丐帮高级男弟子。	21	3	-1	师门贡献	1	丐帮男弟子的师门贡献度达到2500给予的称号。	0	106	-1	-1	-1	-1	-1	-1	-1	-1	-1	-1	-1	-1	-1	-1	-1	-1	-1	-1	-1	-1	-1	-1	-1	-1	-1	-1	-1	-1	-1	-1	-1
40	12	掌棒龙头	丐帮资深男弟子。	21	4	-1	师门贡献	1	丐帮男弟子的师门贡献度达到5000给予的称号。	0	106	-1	-1	-1	-1	-1	-1	-1	-1	-1	-1	-1	-1	-1	-1	-1	-1	-1	-1	-1	-1	-1	-1	-1	-1	-1	-1	-1	-1	-1	-1	-1
41	12	丐帮侠女	丐帮初级女弟子。	21	1	-1	师门贡献	1	丐帮女弟子默认给予的称号。	0	106	-1	-1	-1	-1	-1	-1	-1	-1	-1	-1	-1	-1	-1	-1	-1	-1	-1	-1	-1	-1	-1	-1	-1	-1	-1	-1	-1	-1	-1	-1	-1
42	12	白莲弟子	丐帮中级女弟子。	21	2	-1	师门贡献	1	丐帮女弟子的师门贡献度达到1000给予的称号。	0	106	-1	-1	-1	-1	-1	-1	-1	-1	-1	-1	-1	-1	-1	-1	-1	-1	-1	-1	-1	-1	-1	-1	-1	-1	-1	-1	-1	-1	-1	-1	-1
43	12	朱雀长老	丐帮高级女弟子。	21	3	-1	师门贡献	1	丐帮女弟子的师门贡献度达到2500给予的称号。	0	106	-1	-1	-1	-1	-1	-1	-1	-1	-1	-1	-1	-1	-1	-1	-1	-1	-1	-1	-1	-1	-1	-1	-1	-1	-1	-1	-1	-1	-1	-1	-1
44	12	掌钵龙女	丐帮资深女弟子。	21	4	-1	师门贡献	1	丐帮女弟子的师门贡献度达到5000给予的称号。	0	106	-1	-1	-1	-1	-1	-1	-1	-1	-1	-1	-1	-1	-1	-1	-1	-1	-1	-1	-1	-1	-1	-1	-1	-1	-1	-1	-1	-1	-1	-1	-1
45	12	武当侠士	武当初级男弟子。	21	1	-1	师门贡献	1	武当男弟子默认给予的称号。	0	106	-1	-1	-1	-1	-1	-1	-1	-1	-1	-1	-1	-1	-1	-1	-1	-1	-1	-1	-1	-1	-1	-1	-1	-1	-1	-1	-1	-1	-1	-1	-1
46	12	青冥居士	武当中级男弟子。	21	2	-1	师门贡献	1	武当男弟子的师门贡献度达到1000给予的称号。	0	106	-1	-1	-1	-1	-1	-1	-1	-1	-1	-1	-1	-1	-1	-1	-1	-1	-1	-1	-1	-1	-1	-1	-1	-1	-1	-1	-1	-1	-1	-1	-1
47	12	无为真人	武当高级男弟子。	21	3	-1	师门贡献	1	武当男弟子的师门贡献度达到2500给予的称号。	0	106	-1	-1	-1	-1	-1	-1	-1	-1	-1	-1	-1	-1	-1	-1	-1	-1	-1	-1	-1	-1	-1	-1	-1	-1	-1	-1	-1	-1	-1	-1	-1
48	12	武当天尊	武当资深男弟子。	21	4	-1	师门贡献	1	武当男弟子的师门贡献度达到5000给予的称号。	0	106	-1	-1	-1	-1	-1	-1	-1	-1	-1	-1	-1	-1	-1	-1	-1	-1	-1	-1	-1	-1	-1	-1	-1	-1	-1	-1	-1	-1	-1	-1	-1
49	12	武当侠女	武当初级女弟子。	21	1	-1	师门贡献	1	武当女弟子默认给予的称号。	0	106	-1	-1	-1	-1	-1	-1	-1	-1	-1	-1	-1	-1	-1	-1	-1	-1	-1	-1	-1	-1	-1	-1	-1	-1	-1	-1	-1	-1	-1	-1	-1
50	12	白云居士	武当中级女弟子。	21	2	-1	师门贡献	1	武当女弟子的师门贡献度达到1000给予的称号。	0	106	-1	-1	-1	-1	-1	-1	-1	-1	-1	-1	-1	-1	-1	-1	-1	-1	-1	-1	-1	-1	-1	-1	-1	-1	-1	-1	-1	-1	-1	-1	-1
51	12	清静散人	武当高级女弟子。	21	3	-1	师门贡献	1	武当女弟子的师门贡献度达到2500给予的称号。	0	106	-1	-1	-1	-1	-1	-1	-1	-1	-1	-1	-1	-1	-1	-1	-1	-1	-1	-1	-1	-1	-1	-1	-1	-1	-1	-1	-1	-1	-1	-1	-1
52	12	武当仙子	武当资深女弟子。	21	4	-1	师门贡献	1	武当女弟子的师门贡献度达到5000给予的称号。	0	106	-1	-1	-1	-1	-1	-1	-1	-1	-1	-1	-1	-1	-1	-1	-1	-1	-1	-1	-1	-1	-1	-1	-1	-1	-1	-1	-1	-1	-1	-1	-1
53	12	峨嵋侠士	峨嵋初级男弟子。	21	1	-1	师门贡献	1	峨嵋男弟子默认给予的称号。	0	106	-1	-1	-1	-1	-1	-1	-1	-1	-1	-1	-1	-1	-1	-1	-1	-1	-1	-1	-1	-1	-1	-1	-1	-1	-1	-1	-1	-1	-1	-1	-1
54	12	清风居士	峨嵋中级男弟子。	21	2	-1	师门贡献	1	峨嵋男弟子的师门贡献度达到1000给予的称号。	0	106	-1	-1	-1	-1	-1	-1	-1	-1	-1	-1	-1	-1	-1	-1	-1	-1	-1	-1	-1	-1	-1	-1	-1	-1	-1	-1	-1	-1	-1	-1	-1
55	12	玉龙侠士	峨嵋高级男弟子。	21	3	-1	师门贡献	1	峨嵋男弟子的师门贡献度达到2500给予的称号。	0	106	-1	-1	-1	-1	-1	-1	-1	-1	-1	-1	-1	-1	-1	-1	-1	-1	-1	-1	-1	-1	-1	-1	-1	-1	-1	-1	-1	-1	-1	-1	-1
56	12	峨嵋仙人	峨嵋资深男弟子。	21	4	-1	师门贡献	1	峨嵋男弟子的师门贡献度达到5000给予的称号。	0	106	-1	-1	-1	-1	-1	-1	-1	-1	-1	-1	-1	-1	-1	-1	-1	-1	-1	-1	-1	-1	-1	-1	-1	-1	-1	-1	-1	-1	-1	-1	-1
57	12	峨嵋侠女	峨嵋初级女弟子。	21	1	-1	师门贡献	1	峨嵋女弟子默认给予的称号。	0	106	-1	-1	-1	-1	-1	-1	-1	-1	-1	-1	-1	-1	-1	-1	-1	-1	-1	-1	-1	-1	-1	-1	-1	-1	-1	-1	-1	-1	-1	-1	-1
58	12	明月居士	峨嵋中级女弟子。	21	2	-1	师门贡献	1	峨嵋女弟子的师门贡献度达到1000给予的称号。	0	106	-1	-1	-1	-1	-1	-1	-1	-1	-1	-1	-1	-1	-1	-1	-1	-1	-1	-1	-1	-1	-1	-1	-1	-1	-1	-1	-1	-1	-1	-1	-1
59	12	金凤侠女	峨嵋高级女弟子。	21	3	-1	师门贡献	1	峨嵋女弟子的师门贡献度达到2500给予的称号。	0	106	-1	-1	-1	-1	-1	-1	-1	-1	-1	-1	-1	-1	-1	-1	-1	-1	-1	-1	-1	-1	-1	-1	-1	-1	-1	-1	-1	-1	-1	-1	-1
60	12	峨嵋仙子	峨嵋资深女弟子。	21	4	-1	师门贡献	1	峨嵋女弟子的师门贡献度达到5000给予的称号。	0	106	-1	-1	-1	-1	-1	-1	-1	-1	-1	-1	-1	-1	-1	-1	-1	-1	-1	-1	-1	-1	-1	-1	-1	-1	-1	-1	-1	-1	-1	-1	-1
61	12	星宿侠士	星宿初级男弟子。	21	1	-1	师门贡献	1	星宿男弟子默认给予的称号。	0	106	-1	-1	-1	-1	-1	-1	-1	-1	-1	-1	-1	-1	-1	-1	-1	-1	-1	-1	-1	-1	-1	-1	-1	-1	-1	-1	-1	-1	-1	-1	-1
62	12	行瘟郎君	星宿中级男弟子。	21	2	-1	师门贡献	1	星宿男弟子的师门贡献度达到1000给予的称号。	0	106	-1	-1	-1	-1	-1	-1	-1	-1	-1	-1	-1	-1	-1	-1	-1	-1	-1	-1	-1	-1	-1	-1	-1	-1	-1	-1	-1	-1	-1	-1	-1
63	12	催命判官	星宿高级男弟子。	21	3	-1	师门贡献	1	星宿男弟子的师门贡献度达到2500给予的称号。	0	106	-1	-1	-1	-1	-1	-1	-1	-1	-1	-1	-1	-1	-1	-1	-1	-1	-1	-1	-1	-1	-1	-1	-1	-1	-1	-1	-1	-1	-1	-1	-1
64	12	毒手医仙	星宿资深男弟子。	21	4	-1	师门贡献	1	星宿男弟子的师门贡献度达到5000给予的称号。	0	106	-1	-1	-1	-1	-1	-1	-1	-1	-1	-1	-1	-1	-1	-1	-1	-1	-1	-1	-1	-1	-1	-1	-1	-1	-1	-1	-1	-1	-1	-1	-1
65	12	星宿侠女	星宿初级女弟子。	21	1	-1	师门贡献	1	星宿女弟子默认给予的称号。	0	106	-1	-1	-1	-1	-1	-1	-1	-1	-1	-1	-1	-1	-1	-1	-1	-1	-1	-1	-1	-1	-1	-1	-1	-1	-1	-1	-1	-1	-1	-1	-1
66	12	行瘟娘子	星宿中级女弟子。	21	2	-1	师门贡献	1	星宿女弟子的师门贡献度达到1000给予的称号。	0	106	-1	-1	-1	-1	-1	-1	-1	-1	-1	-1	-1	-1	-1	-1	-1	-1	-1	-1	-1	-1	-1	-1	-1	-1	-1	-1	-1	-1	-1	-1	-1
67	12	夺命夜叉	星宿高级女弟子。	21	3	-1	师门贡献	1	星宿女弟子的师门贡献度达到2500给予的称号。	0	106	-1	-1	-1	-1	-1	-1	-1	-1	-1	-1	-1	-1	-1	-1	-1	-1	-1	-1	-1	-1	-1	-1	-1	-1	-1	-1	-1	-1	-1	-1	-1
68	12	毒手药王	星宿资深女弟子。	21	4	-1	师门贡献	1	星宿女弟子的师门贡献度达到5000给予的称号。	0	106	-1	-1	-1	-1	-1	-1	-1	-1	-1	-1	-1	-1	-1	-1	-1	-1	-1	-1	-1	-1	-1	-1	-1	-1	-1	-1	-1	-1	-1	-1	-1
69	12	天龙侠士	天龙初级男弟子。	21	1	-1	师门贡献	1	天龙男弟子默认给予的称号。	0	106	-1	-1	-1	-1	-1	-1	-1	-1	-1	-1	-1	-1	-1	-1	-1	-1	-1	-1	-1	-1	-1	-1	-1	-1	-1	-1	-1	-1	-1	-1	-1
70	12	藏经侠士	天龙中级男弟子。	21	2	-1	师门贡献	1	天龙男弟子的师门贡献度达到1000给予的称号。	0	106	-1	-1	-1	-1	-1	-1	-1	-1	-1	-1	-1	-1	-1	-1	-1	-1	-1	-1	-1	-1	-1	-1	-1	-1	-1	-1	-1	-1	-1	-1	-1
71	12	崇圣天师	天龙高级男弟子。	21	3	-1	师门贡献	1	天龙男弟子的师门贡献度达到2500给予的称号。	0	106	-1	-1	-1	-1	-1	-1	-1	-1	-1	-1	-1	-1	-1	-1	-1	-1	-1	-1	-1	-1	-1	-1	-1	-1	-1	-1	-1	-1	-1	-1	-1
72	12	天南龙王	天龙资深男弟子。	21	4	-1	师门贡献	1	天龙男弟子的师门贡献度达到5000给予的称号。	0	106	-1	-1	-1	-1	-1	-1	-1	-1	-1	-1	-1	-1	-1	-1	-1	-1	-1	-1	-1	-1	-1	-1	-1	-1	-1	-1	-1	-1	-1	-1	-1
73	12	天龙侠女	天龙初级女弟子。	21	1	-1	师门贡献	1	天龙女弟子默认给予的称号。	0	106	-1	-1	-1	-1	-1	-1	-1	-1	-1	-1	-1	-1	-1	-1	-1	-1	-1	-1	-1	-1	-1	-1	-1	-1	-1	-1	-1	-1	-1	-1	-1
74	12	藏经侠女	天龙中级女弟子。	21	2	-1	师门贡献	1	天龙女弟子的师门贡献度达到1000给予的称号。	0	106	-1	-1	-1	-1	-1	-1	-1	-1	-1	-1	-1	-1	-1	-1	-1	-1	-1	-1	-1	-1	-1	-1	-1	-1	-1	-1	-1	-1	-1	-1	-1
75	12	崇圣天女	天龙高级女弟子。	21	3	-1	师门贡献	1	天龙女弟子的师门贡献度达到2500给予的称号。	0	106	-1	-1	-1	-1	-1	-1	-1	-1	-1	-1	-1	-1	-1	-1	-1	-1	-1	-1	-1	-1	-1	-1	-1	-1	-1	-1	-1	-1	-1	-1	-1
76	12	天南龙女	天龙资深女弟子。	21	4	-1	师门贡献	1	天龙女弟子的师门贡献度达到5000给予的称号。	0	106	-1	-1	-1	-1	-1	-1	-1	-1	-1	-1	-1	-1	-1	-1	-1	-1	-1	-1	-1	-1	-1	-1	-1	-1	-1	-1	-1	-1	-1	-1	-1
77	12	天山侠士	天山初级男弟子。	21	1	-1	师门贡献	1	天山男弟子默认给予的称号。	0	106	-1	-1	-1	-1	-1	-1	-1	-1	-1	-1	-1	-1	-1	-1	-1	-1	-1	-1	-1	-1	-1	-1	-1	-1	-1	-1	-1	-1	-1	-1	-1
78	12	阳天部众	天山中级男弟子。	21	2	-1	师门贡献	1	天山男弟子的师门贡献度达到1000给予的称号。	0	106	-1	-1	-1	-1	-1	-1	-1	-1	-1	-1	-1	-1	-1	-1	-1	-1	-1	-1	-1	-1	-1	-1	-1	-1	-1	-1	-1	-1	-1	-1	-1
79	12	天山苍鹰	天山高级男弟子。	21	3	-1	师门贡献	1	天山男弟子的师门贡献度达到2500给予的称号。	0	106	-1	-1	-1	-1	-1	-1	-1	-1	-1	-1	-1	-1	-1	-1	-1	-1	-1	-1	-1	-1	-1	-1	-1	-1	-1	-1	-1	-1	-1	-1	-1
80	12	混元山神	天山资深男弟子。	21	4	-1	师门贡献	1	天山男弟子的师门贡献度达到5000给予的称号。	0	106	-1	-1	-1	-1	-1	-1	-1	-1	-1	-1	-1	-1	-1	-1	-1	-1	-1	-1	-1	-1	-1	-1	-1	-1	-1	-1	-1	-1	-1	-1	-1
81	12	天山侠女	天山初级女弟子。	21	1	-1	师门贡献	1	天山女弟子默认给予的称号。	0	106	-1	-1	-1	-1	-1	-1	-1	-1	-1	-1	-1	-1	-1	-1	-1	-1	-1	-1	-1	-1	-1	-1	-1	-1	-1	-1	-1	-1	-1	-1	-1
82	12	昊天部众	天山中级女弟子。	21	2	-1	师门贡献	1	天山女弟子的师门贡献度达到1000给予的称号。	0	106	-1	-1	-1	-1	-1	-1	-1	-1	-1	-1	-1	-1	-1	-1	-1	-1	-1	-1	-1	-1	-1	-1	-1	-1	-1	-1	-1	-1	-1	-1	-1
83	12	天山雪雕	天山高级女弟子。	21	3	-1	师门贡献	1	天山女弟子的师门贡献度达到2500给予的称号。	0	106	-1	-1	-1	-1	-1	-1	-1	-1	-1	-1	-1	-1	-1	-1	-1	-1	-1	-1	-1	-1	-1	-1	-1	-1	-1	-1	-1	-1	-1	-1	-1
84	12	混元花神	天山资深女弟子。	21	4	-1	师门贡献	1	天山女弟子的师门贡献度达到5000给予的称号。	0	106	-1	-1	-1	-1	-1	-1	-1	-1	-1	-1	-1	-1	-1	-1	-1	-1	-1	-1	-1	-1	-1	-1	-1	-1	-1	-1	-1	-1	-1	-1	-1
85	12	逍遥侠士	逍遥初级男弟子。	21	1	-1	师门贡献	1	逍遥男弟子默认给予的称号。	0	106	-1	-1	-1	-1	-1	-1	-1	-1	-1	-1	-1	-1	-1	-1	-1	-1	-1	-1	-1	-1	-1	-1	-1	-1	-1	-1	-1	-1	-1	-1	-1
86	12	抚琴居士	逍遥中级男弟子。	21	2	-1	师门贡献	1	逍遥男弟子的师门贡献度达到1000给予的称号。	0	106	-1	-1	-1	-1	-1	-1	-1	-1	-1	-1	-1	-1	-1	-1	-1	-1	-1	-1	-1	-1	-1	-1	-1	-1	-1	-1	-1	-1	-1	-1	-1
87	12	洛神侠士	逍遥高级男弟子。	21	3	-1	师门贡献	1	逍遥男弟子的师门贡献度达到2500给予的称号。	0	106	-1	-1	-1	-1	-1	-1	-1	-1	-1	-1	-1	-1	-1	-1	-1	-1	-1	-1	-1	-1	-1	-1	-1	-1	-1	-1	-1	-1	-1	-1	-1
88	12	逍遥神龙	逍遥资深男弟子。	21	4	-1	师门贡献	1	逍遥男弟子的师门贡献度达到5000给予的称号。	0	106	-1	-1	-1	-1	-1	-1	-1	-1	-1	-1	-1	-1	-1	-1	-1	-1	-1	-1	-1	-1	-1	-1	-1	-1	-1	-1	-1	-1	-1	-1	-1
89	12	逍遥侠女	逍遥初级女弟子。	21	1	-1	师门贡献	1	逍遥女弟子默认给予的称号。	0	106	-1	-1	-1	-1	-1	-1	-1	-1	-1	-1	-1	-1	-1	-1	-1	-1	-1	-1	-1	-1	-1	-1	-1	-1	-1	-1	-1	-1	-1	-1	-1
90	12	莳花居士	逍遥中级女弟子。	21	2	-1	师门贡献	1	逍遥女弟子的师门贡献度达到1000给予的称号。	0	106	-1	-1	-1	-1	-1	-1	-1	-1	-1	-1	-1	-1	-1	-1	-1	-1	-1	-1	-1	-1	-1	-1	-1	-1	-1	-1	-1	-1	-1	-1	-1
91	12	凌波侠女	逍遥高级女弟子。	21	3	-1	师门贡献	1	逍遥女弟子的师门贡献度达到2500给予的称号。	0	106	-1	-1	-1	-1	-1	-1	-1	-1	-1	-1	-1	-1	-1	-1	-1	-1	-1	-1	-1	-1	-1	-1	-1	-1	-1	-1	-1	-1	-1	-1	-1
92	12	逍遥圣女	逍遥资深女弟子。	21	4	-1	师门贡献	1	逍遥女弟子的师门贡献度达到5000给予的称号。	0	106	-1	-1	-1	-1	-1	-1	-1	-1	-1	-1	-1	-1	-1	-1	-1	-1	-1	-1	-1	-1	-1	-1	-1	-1	-1	-1	-1	-1	-1	-1	-1
93	13	初级师傅	初为人师，与徒弟共同进步。#r可收2名徒弟	28	1	-1	师德等级	1	第一次收徒时，即可获得该称号。	0	106	-1	-1	-1	-1	-1	-1	-1	-1	-1	-1	-1	-1	-1	-1	-1	-1	-1	-1	-1	-1	-1	-1	-1	-1	-1	-1	-1	-1	-1	-1	-1
94	13	中级师傅	为人师表，兢兢业业。#r可收3名徒弟	28	2	-1	师德等级	1	师德值达到6000点后可以领取该称号。	0	106	-1	-1	-1	-1	-1	-1	-1	-1	-1	-1	-1	-1	-1	-1	-1	-1	-1	-1	-1	-1	-1	-1	-1	-1	-1	-1	-1	-1	-1	-1	-1
95	13	高级师傅	为人师表，声名远播。#r可收5名徒弟	28	3	-1	师德等级	1	师德值达到12000点后可以领取该称号。	0	106	-1	-1	-1	-1	-1	-1	-1	-1	-1	-1	-1	-1	-1	-1	-1	-1	-1	-1	-1	-1	-1	-1	-1	-1	-1	-1	-1	-1	-1	-1	-1
96	13	一代名师	一代名师，桃李满天下。#r可收8名徒弟	28	4	-1	师德等级	1	师德值达到20000点后可以领取该称号。	0	106	-1	-1	-1	-1	-1	-1	-1	-1	-1	-1	-1	-1	-1	-1	-1	-1	-1	-1	-1	-1	-1	-1	-1	-1	-1	-1	-1	-1	-1	-1	-1
97	14	_JIEBAI_	义结金兰，生死与共！	24	1	-1	结拜	1	结拜称号。	0	106	-1	-1	-1	-1	-1	-1	-1	-1	-1	-1	-1	-1	-1	-1	-1	-1	-1	-1	-1	-1	-1	-1	-1	-1	-1	-1	-1	-1	-1	-1	-1
98	15	$N帮众	帮派普通成员。	23	1	-1	帮派(不是通过称号)	1	帮会职位称号。	0	106	-1	-1	-1	-1	-1	-1	-1	-1	-1	-1	-1	-1	-1	-1	-1	-1	-1	-1	-1	-1	-1	-1	-1	-1	-1	-1	-1	-1	-1	-1	-1
99	15	$N精英	帮派精英成员。	23	2	-1	帮派(不是通过称号)	1	帮会职位称号。	0	106	-1	-1	-1	-1	-1	-1	-1	-1	-1	-1	-1	-1	-1	-1	-1	-1	-1	-1	-1	-1	-1	-1	-1	-1	-1	-1	-1	-1	-1	-1	-1
100	15	$N商人	帮派跑商负责人。	23	3	-1	帮派(不是通过称号)	1	帮会职位称号。	0	106	-1	-1	-1	-1	-1	-1	-1	-1	-1	-1	-1	-1	-1	-1	-1	-1	-1	-1	-1	-1	-1	-1	-1	-1	-1	-1	-1	-1	-1	-1	-1
101	15	$N内务使	帮派内务负责人。	23	4	-1	帮派(不是通过称号)	1	帮会职位称号。	0	106	-1	-1	-1	-1	-1	-1	-1	-1	-1	-1	-1	-1	-1	-1	-1	-1	-1	-1	-1	-1	-1	-1	-1	-1	-1	-1	-1	-1	-1	-1	-1
102	15	$N工务使	帮派工农业负责人。	23	5	-1	帮派(不是通过称号)	1	帮会职位称号。	0	106	-1	-1	-1	-1	-1	-1	-1	-1	-1	-1	-1	-1	-1	-1	-1	-1	-1	-1	-1	-1	-1	-1	-1	-1	-1	-1	-1	-1	-1	-1	-1
103	15	$N弘化使	帮派发展负责人。	23	6	-1	帮派(不是通过称号)	1	帮会职位称号。	0	106	-1	-1	-1	-1	-1	-1	-1	-1	-1	-1	-1	-1	-1	-1	-1	-1	-1	-1	-1	-1	-1	-1	-1	-1	-1	-1	-1	-1	-1	-1	-1
104	15	$N副帮主	帮派副帮主，帮主的得力助手。	23	7	-1	帮派(不是通过称号)	1	帮会职位称号。	0	106	-1	-1	-1	-1	-1	-1	-1	-1	-1	-1	-1	-1	-1	-1	-1	-1	-1	-1	-1	-1	-1	-1	-1	-1	-1	-1	-1	-1	-1	-1	-1
105	15	$N帮主	帮会老大，帮派的最高管理者。	23	8	-1	帮派(不是通过称号)	1	帮会职位称号。	0	106	-1	-1	-1	-1	-1	-1	-1	-1	-1	-1	-1	-1	-1	-1	-1	-1	-1	-1	-1	-1	-1	-1	-1	-1	-1	-1	-1	-1	-1	-1	-1
106	16	情圣	诉情谊花语，汇天下风流。	19	1	-1	"999朵玫瑰,男"	1	送出或收到999朵玫瑰的称号。	0	106	-1	-1	-1	-1	-1	-1	-1	-1	-1	-1	-1	-1	-1	-1	-1	-1	-1	-1	-1	-1	-1	-1	-1	-1	-1	-1	-1	-1	-1	-1	-1
107	16	玫瑰仙子	诉情谊花语，汇天下风流。	19	1	-1	"999朵玫瑰,女"	1	送出或收到999朵玫瑰的称号。	0	106	-1	-1	-1	-1	-1	-1	-1	-1	-1	-1	-1	-1	-1	-1	-1	-1	-1	-1	-1	-1	-1	-1	-1	-1	-1	-1	-1	-1	-1	-1	-1
108	17	剿匪义士	响应朝庭号召之剿匪义士。	30	1	-1	钱宏宇称号	1	与钱宏宇的关系达到1000~1999点时获得的称号（每完成一次3环得到10点）。	0	106	-1	-1	48	4	-1	-1	-1	-1	-1	-1	-1	-1	-1	-1	-1	-1	-1	-1	-1	-1	-1	-1	-1	-1	-1	-1	-1	-1	-1	-1	-1
109	17	破匪侠士	响应朝庭号召之破匪侠士。	30	2	-1	钱宏宇称号	1	与钱宏宇的关系达到2000~3999点时获得的称号（每完成一次3环得到10点）。	0	106	-1	-1	48	7	-1	-1	-1	-1	-1	-1	-1	-1	-1	-1	-1	-1	-1	-1	-1	-1	-1	-1	-1	-1	-1	-1	-1	-1	-1	-1	-1
110	17	镇匪英侠	响应朝庭号召之镇匪英侠。	30	3	-1	钱宏宇称号	1	与钱宏宇的关系达到4000~6499点时获得的称号（每完成一次3环得到10点）。	0	106	-1	-1	48	10	-1	-1	-1	-1	-1	-1	-1	-1	-1	-1	-1	-1	-1	-1	-1	-1	-1	-1	-1	-1	-1	-1	-1	-1	-1	-1	-1
111	17	天下匪见愁	令天下群匪闻之丧胆之匪见愁。	30	4	-1	钱宏宇称号	1	与钱宏宇的关系达到6500~9999点时获得的称号（每完成一次3环得到10点）。	0	106	-1	-1	48	15	-1	-1	-1	-1	-1	-1	-1	-1	-1	-1	-1	-1	-1	-1	-1	-1	-1	-1	-1	-1	-1	-1	-1	-1	-1	-1	-1
112	18	行者无双	读万卷书，行万里路，天下无双！	31	1	-1	英雄任务	1	英雄任务称号。	0	106	-1	-1	-1	-1	-1	-1	-1	-1	-1	-1	-1	-1	-1	-1	-1	-1	-1	-1	-1	-1	-1	-1	-1	-1	-1	-1	-1	-1	-1	-1	-1
113	18	寂寞高手	武林高手，独来独往，问鼎江湖！	32	2	-1	英雄任务	1	英雄任务称号。	0	106	-1	-1	-1	-1	-1	-1	-1	-1	-1	-1	-1	-1	-1	-1	-1	-1	-1	-1	-1	-1	-1	-1	-1	-1	-1	-1	-1	-1	-1	-1	-1
114	18	无敌侠客	侠肝义胆，天下无敌，只求一败！	33	3	-1	英雄任务	1	英雄任务称号。	0	106	-1	-1	-1	-1	-1	-1	-1	-1	-1	-1	-1	-1	-1	-1	-1	-1	-1	-1	-1	-1	-1	-1	-1	-1	-1	-1	-1	-1	-1	-1	-1
115	18	盖世英雄	英雄盖世，名震寰宇，万古流芳！	34	4	-1	英雄任务	1	英雄任务称号。	0	106	-1	-1	-1	-1	-1	-1	-1	-1	-1	-1	-1	-1	-1	-1	-1	-1	-1	-1	-1	-1	-1	-1	-1	-1	-1	-1	-1	-1	-1	-1	-1
116	19	剿匪游击将军	泠然出一式，剑影映水光。拥有令镜湖水匪头领如坐针毡之威势。	35	1	-1	镜湖剿匪	1	剿灭镜湖水匪头领六名后获得的称号。	0	106	-1	-1	48	4	-1	-1	-1	-1	-1	-1	-1	-1	-1	-1	-1	-1	-1	-1	-1	-1	-1	-1	-1	-1	-1	-1	-1	-1	-1	-1	-1
117	19	剿匪破虏将军	泠然出一式，剑影映水光。拥有令镜湖水匪头领心生怯意之威势。	35	2	-1	镜湖剿匪	1	剿灭镜湖水匪头领十八名后获得的称号。	0	106	-1	-1	48	7	-1	-1	-1	-1	-1	-1	-1	-1	-1	-1	-1	-1	-1	-1	-1	-1	-1	-1	-1	-1	-1	-1	-1	-1	-1	-1	-1
118	19	剿匪车骑将军	泠然出一式，剑影映水光。拥有令镜湖水匪头领闻风丧胆之威势。	35	3	-1	镜湖剿匪	1	剿灭镜湖水匪头领五十名后获得的称号。	0	106	-1	-1	48	10	-1	-1	-1	-1	-1	-1	-1	-1	-1	-1	-1	-1	-1	-1	-1	-1	-1	-1	-1	-1	-1	-1	-1	-1	-1	-1	-1
119	19	剿匪大将军	泠然出一式，剑影映水光。拥有令镜湖水匪头领不战而降之威势。	35	4	-1	镜湖剿匪	1	剿灭镜湖水匪头领百名后获得的称号。	0	106	-1	-1	48	15	-1	-1	-1	-1	-1	-1	-1	-1	-1	-1	-1	-1	-1	-1	-1	-1	-1	-1	-1	-1	-1	-1	-1	-1	-1	-1	-1
120	21	$N★关内侯	帮会低级爵位，张辽曾赐爵关内侯。	38	1	-1	帮派贡献度称号	1	帮会贡献度达到250获得的称号。	0	106	-1	-1	-1	-1	-1	-1	-1	-1	-1	-1	-1	-1	-1	-1	-1	-1	-1	-1	-1	-1	-1	-1	-1	-1	-1	-1	-1	-1	-1	-1	-1
121	21	$N★亭侯	帮会低级爵位，关羽曾赐爵汉寿亭侯。	38	2	-1	帮派贡献度称号	1	帮会贡献度达到750获得的称号。	0	106	-1	-1	-1	-1	-1	-1	-1	-1	-1	-1	-1	-1	-1	-1	-1	-1	-1	-1	-1	-1	-1	-1	-1	-1	-1	-1	-1	-1	-1	-1	-1
122	21	$N★乡侯	帮会中级爵位，司马懿曾赐爵安国乡侯。	38	3	-1	帮派贡献度称号	1	帮会贡献度达到1500获得的称号。	0	106	-1	-1	-1	-1	-1	-1	-1	-1	-1	-1	-1	-1	-1	-1	-1	-1	-1	-1	-1	-1	-1	-1	-1	-1	-1	-1	-1	-1	-1	-1	-1
123	21	$N★县侯	帮会中级爵位，诸葛亮曾赐爵武乡县侯。	38	4	-1	帮派贡献度称号	1	帮会贡献度达到3000获得的称号。	0	106	-1	-1	-1	-1	-1	-1	-1	-1	-1	-1	-1	-1	-1	-1	-1	-1	-1	-1	-1	-1	-1	-1	-1	-1	-1	-1	-1	-1	-1	-1	-1
124	21	$N★郡侯	帮会中级爵位，羊祜曾赐爵南城郡侯。	38	5	-1	帮派贡献度称号	1	帮会贡献度达到7500获得的称号。	0	106	-1	-1	-1	-1	-1	-1	-1	-1	-1	-1	-1	-1	-1	-1	-1	-1	-1	-1	-1	-1	-1	-1	-1	-1	-1	-1	-1	-1	-1	-1	-1
125	21	$N★县公	帮会高级爵位，刘禅曾赐爵安乐县公。	38	6	-1	帮派贡献度称号	1	帮会贡献度达到15000获得的称号。	0	106	-1	-1	-1	-1	-1	-1	-1	-1	-1	-1	-1	-1	-1	-1	-1	-1	-1	-1	-1	-1	-1	-1	-1	-1	-1	-1	-1	-1	-1	-1	-1
126	21	$N★郡公	帮会高级爵位，孙权曾赐爵吴郡郡公。	38	7	-1	帮派贡献度称号	1	帮会贡献度达到30000获得的称号。	0	106	-1	-1	-1	-1	-1	-1	-1	-1	-1	-1	-1	-1	-1	-1	-1	-1	-1	-1	-1	-1	-1	-1	-1	-1	-1	-1	-1	-1	-1	-1	-1
127	21	$N★国公	帮会高级爵位，司马昭曾赐爵晋国公。	38	8	-1	帮派贡献度称号	1	帮会贡献度达到60000获得的称号。	0	106	-1	-1	-1	-1	-1	-1	-1	-1	-1	-1	-1	-1	-1	-1	-1	-1	-1	-1	-1	-1	-1	-1	-1	-1	-1	-1	-1	-1	-1	-1	-1
128	21	$N★郡王	帮会超级爵位，刘备曾赐爵汉中王。	38	9	-1	帮派贡献度称号	1	帮会贡献度达到125000获得的称号。	0	106	-1	-1	-1	-1	-1	-1	-1	-1	-1	-1	-1	-1	-1	-1	-1	-1	-1	-1	-1	-1	-1	-1	-1	-1	-1	-1	-1	-1	-1	-1	-1
129	21	$N★亲王	帮会超级爵位，曹操曾赐爵魏王。	38	10	-1	帮派贡献度称号	1	帮会贡献度达到250000获得的称号。	0	106	-1	-1	-1	-1	-1	-1	-1	-1	-1	-1	-1	-1	-1	-1	-1	-1	-1	-1	-1	-1	-1	-1	-1	-1	-1	-1	-1	-1	-1	-1	-1
130	22	连斩狂客	百步斩，今扬名。	39	1	168	帮战获得的称号	1	一次帮会征讨中杀人次数最多获得的称号。	0	106	-1	-1	-1	-1	-1	-1	-1	-1	-1	-1	-1	-1	-1	-1	-1	-1	-1	-1	-1	-1	-1	-1	-1	-1	-1	-1	-1	-1	-1	-1	-1
131	22	超级旗手	迎朔风，夺旌旗。	40	1	168	帮战获得的称号	1	一次帮会征讨中占领旗帜最多获得的称号。	0	106	-1	-1	-1	-1	-1	-1	-1	-1	-1	-1	-1	-1	-1	-1	-1	-1	-1	-1	-1	-1	-1	-1	-1	-1	-1	-1	-1	-1	-1	-1	-1
132	22	搜宝专家	蓄粮草，定胜负。	41	1	168	帮战获得的称号	1	一次帮会征讨中采集资源最多获得的称号。	0	106	-1	-1	-1	-1	-1	-1	-1	-1	-1	-1	-1	-1	-1	-1	-1	-1	-1	-1	-1	-1	-1	-1	-1	-1	-1	-1	-1	-1	-1	-1	-1
133	24	缥缈之锋芒初现	牛刀小试，锋芒初现！	43	1	-1	挑战缥缈峰获得的称号	1	获得1个缥缈玄符后兑换的称号。	0	106	-1	-1	0	5000	-1	-1	-1	-1	-1	-1	-1	-1	-1	-1	-1	-1	-1	-1	-1	-1	-1	-1	-1	-1	-1	-1	-1	-1	-1	-1	-1
134	24	缥缈之豪情无双	长剑出鞘，豪情无双！	43	2	-1	挑战缥缈峰获得的称号	1	在之前的基础上获得15个缥缈玄符后兑换的称号。	0	106	-1	-1	0	10000	-1	-1	-1	-1	-1	-1	-1	-1	-1	-1	-1	-1	-1	-1	-1	-1	-1	-1	-1	-1	-1	-1	-1	-1	-1	-1	-1
135	24	缥缈之战无不胜	攻无不克，战无不胜！	43	3	-1	挑战缥缈峰获得的称号	1	在之前的基础上获得45个缥缈玄符后兑换的称号。	0	106	-1	-1	0	15000	-1	-1	-1	-1	-1	-1	-1	-1	-1	-1	-1	-1	-1	-1	-1	-1	-1	-1	-1	-1	-1	-1	-1	-1	-1	-1	-1
136	24	缥缈之我意纵横	凌绝缥缈，我意纵横！	43	4	-1	挑战缥缈峰获得的称号	1	在之前的基础上获得90个缥缈玄符后兑换的称号。	0	106	-1	-1	0	20000	-1	-1	-1	-1	-1	-1	-1	-1	-1	-1	-1	-1	-1	-1	-1	-1	-1	-1	-1	-1	-1	-1	-1	-1	-1	-1	-1
137	25	广目天王	群星至，除煞时，广目天王今在此！	7	1	-1	杀星副本称号	1	打败所有煞星各1次获得的称号。	0	106	-1	-1	46	3	-1	-1	-1	-1	-1	-1	-1	-1	-1	-1	-1	-1	-1	-1	-1	-1	-1	-1	-1	-1	-1	-1	-1	-1	-1	-1	-1
138	25	多闻天王	群星至，除煞时，多闻天王今在此！	7	1	-1	杀星副本称号	1	打败所有煞星各10次获得的称号。	0	106	-1	-1	46	7	-1	-1	-1	-1	-1	-1	-1	-1	-1	-1	-1	-1	-1	-1	-1	-1	-1	-1	-1	-1	-1	-1	-1	-1	-1	-1	-1
139	25	增长天王	群星至，除煞时，增长天王今在此！	7	1	-1	杀星副本称号	1	打败所有煞星各50次获得的称号。	0	106	-1	-1	46	13	-1	-1	-1	-1	-1	-1	-1	-1	-1	-1	-1	-1	-1	-1	-1	-1	-1	-1	-1	-1	-1	-1	-1	-1	-1	-1	-1
140	25	持国天王	群星至，除煞时，持国天王今在此！	7	1	-1	杀星副本称号	1	打败所有煞星各200次获得的称号。	0	106	-1	-1	46	19	-1	-1	-1	-1	-1	-1	-1	-1	-1	-1	-1	-1	-1	-1	-1	-1	-1	-1	-1	-1	-1	-1	-1	-1	-1	-1	-1
141	26	凤凰古城的霸主	夺得凤凰平原胜利的英雄！	44	1	72	凤凰平原城战胜利获得的称号	1	凤凰平原城战胜利获得的称号。	0	106	-1	-1	48	10	-1	-1	-1	-1	-1	-1	-1	-1	-1	-1	-1	-1	-1	-1	-1	-1	-1	-1	-1	-1	-1	-1	-1	-1	-1	-1	-1
142	27	登堂入室	炼气入体，突破三重。	45	2	-1	修炼称号	1	当前最高修炼境界达到第3重时，获得的称号。	0	106	-1	-1	-1	-1	-1	-1	-1	-1	-1	-1	-1	-1	-1	-1	-1	-1	-1	-1	-1	-1	-1	-1	-1	-1	-1	-1	-1	-1	-1	-1	-1
143	27	鹤立鸡群	炼气入体，突破四重。	45	3	-1	修炼称号	1	当前最高修炼境界达到第4重时，获得的称号。	0	106	-1	-1	-1	-1	-1	-1	-1	-1	-1	-1	-1	-1	-1	-1	-1	-1	-1	-1	-1	-1	-1	-1	-1	-1	-1	-1	-1	-1	-1	-1	-1
144	27	驾轻就熟	炼气入体，突破五重。	45	4	-1	修炼称号	1	当前最高修炼境界达到第5重时，获得的称号。	0	106	-1	-1	-1	-1	-1	-1	-1	-1	-1	-1	-1	-1	-1	-1	-1	-1	-1	-1	-1	-1	-1	-1	-1	-1	-1	-1	-1	-1	-1	-1	-1
145	27	非比寻常	炼气入体，突破六重。	45	5	-1	修炼称号	1	当前最高修炼境界达到第6重时，获得的称号。	0	106	-1	-1	-1	-1	-1	-1	-1	-1	-1	-1	-1	-1	-1	-1	-1	-1	-1	-1	-1	-1	-1	-1	-1	-1	-1	-1	-1	-1	-1	-1	-1
146	27	登峰造极	炼气入体，突破七重。	45	6	-1	修炼称号	1	当前最高修炼境界达到第7重时，获得的称号。	0	106	-1	-1	-1	-1	-1	-1	-1	-1	-1	-1	-1	-1	-1	-1	-1	-1	-1	-1	-1	-1	-1	-1	-1	-1	-1	-1	-1	-1	-1	-1	-1
147	27	技冠群雄	炼气入体，突破八重。	45	7	-1	修炼称号	1	当前最高修炼境界达到第8重时，获得的称号。	0	106	-1	-1	-1	-1	-1	-1	-1	-1	-1	-1	-1	-1	-1	-1	-1	-1	-1	-1	-1	-1	-1	-1	-1	-1	-1	-1	-1	-1	-1	-1	-1
148	27	一代宗师	炼气入体，突破九重。	45	8	-1	修炼称号	1	当前最高修炼境界达到第9重时，获得的称号。	0	106	-1	-1	-1	-1	-1	-1	-1	-1	-1	-1	-1	-1	-1	-1	-1	-1	-1	-1	-1	-1	-1	-1	-1	-1	-1	-1	-1	-1	-1	-1	-1
149	27	震古烁今	炼气入体，突破十重。	45	9	-1	修炼称号	1	当前最高修炼境界达到第10重时，获得的称号。	0	106	-1	-1	-1	-1	-1	-1	-1	-1	-1	-1	-1	-1	-1	-1	-1	-1	-1	-1	-1	-1	-1	-1	-1	-1	-1	-1	-1	-1	-1	-1	-1
150	27	超凡入圣	炼气入体，已臻化境。	45	10	-1	修炼称号	1	当前最高修炼境界达到第11重时，获得的称号。	0	106	-1	-1	-1	-1	-1	-1	-1	-1	-1	-1	-1	-1	-1	-1	-1	-1	-1	-1	-1	-1	-1	-1	-1	-1	-1	-1	-1	-1	-1	-1	-1
151	27	超凡入圣・五行强者	五行宝典，已臻至境。	45	11	-1	修炼称号	1	五行宝典的当前最高修炼等级达到第12重时，获得的称号。	0	106	-1	-1	-1	-1	-1	-1	-1	-1	-1	-1	-1	-1	-1	-1	-1	-1	-1	-1	-1	-1	-1	-1	-1	-1	-1	-1	-1	-1	-1	-1	-1
152	27	超凡入圣・无涯居士	无涯遗书，已臻至境。	45	11	-1	修炼称号	1	无涯遗书的当前最高修炼等级达到第12重时，获得的称号。	0	106	-1	-1	-1	-1	-1	-1	-1	-1	-1	-1	-1	-1	-1	-1	-1	-1	-1	-1	-1	-1	-1	-1	-1	-1	-1	-1	-1	-1	-1	-1	-1
153	27	天人合一	至境无境，至道无道。	45	12	-1	修炼称号	1	当前最高修炼境界都达到第12重时，获得的称号。	0	106	-1	-1	-1	-1	-1	-1	-1	-1	-1	-1	-1	-1	-1	-1	-1	-1	-1	-1	-1	-1	-1	-1	-1	-1	-1	-1	-1	-1	-1	-1	-1
154	29	一剑倾天下	独步武林，莫敢与争。	47	1	48	华山论剑称号	1	华山论剑中夺得门派赛、个人赛双料冠军的门派弟子可以领取的称号。	0	106	-1	-1	48	3	-1	-1	-1	-1	-1	-1	-1	-1	-1	-1	-1	-1	-1	-1	-1	-1	-1	-1	-1	-1	-1	-1	-1	-1	-1	-1	-1
155	30	少林首席大弟子	华山论剑，少林为先！	46	1	48	华山论剑称号	1	取得华山论剑个人赛的前三名获得的称号。	0	106	-1	-1	48	15	-1	-1	-1	-1	-1	-1	-1	-1	-1	-1	-1	-1	-1	-1	-1	-1	-1	-1	-1	-1	-1	-1	-1	-1	-1	-1	-1
156	30	明教首席大弟子	华山论剑，明教为先！	46	1	48	华山论剑称号	1	取得华山论剑个人赛的前三名获得的称号。	0	106	-1	-1	48	15	-1	-1	-1	-1	-1	-1	-1	-1	-1	-1	-1	-1	-1	-1	-1	-1	-1	-1	-1	-1	-1	-1	-1	-1	-1	-1	-1
157	30	丐帮首席大弟子	华山论剑，丐帮为先！	46	1	48	华山论剑称号	1	取得华山论剑个人赛的前三名获得的称号。	0	106	-1	-1	48	15	-1	-1	-1	-1	-1	-1	-1	-1	-1	-1	-1	-1	-1	-1	-1	-1	-1	-1	-1	-1	-1	-1	-1	-1	-1	-1	-1
158	30	武当首席大弟子	华山论剑，武当为先！	46	1	48	华山论剑称号	1	取得华山论剑个人赛的前三名获得的称号。	0	106	-1	-1	48	15	-1	-1	-1	-1	-1	-1	-1	-1	-1	-1	-1	-1	-1	-1	-1	-1	-1	-1	-1	-1	-1	-1	-1	-1	-1	-1	-1
159	30	峨嵋首席大弟子	华山论剑，峨眉为先！	46	1	48	华山论剑称号	1	取得华山论剑个人赛的前三名获得的称号。	0	106	-1	-1	48	15	-1	-1	-1	-1	-1	-1	-1	-1	-1	-1	-1	-1	-1	-1	-1	-1	-1	-1	-1	-1	-1	-1	-1	-1	-1	-1	-1
160	30	星宿首席大弟子	华山论剑，星宿为先！	46	1	48	华山论剑称号	1	取得华山论剑个人赛的前三名获得的称号。	0	106	-1	-1	48	15	-1	-1	-1	-1	-1	-1	-1	-1	-1	-1	-1	-1	-1	-1	-1	-1	-1	-1	-1	-1	-1	-1	-1	-1	-1	-1	-1
161	30	天龙首席大弟子	华山论剑，天龙为先！	46	1	48	华山论剑称号	1	取得华山论剑个人赛的前三名获得的称号。	0	106	-1	-1	48	15	-1	-1	-1	-1	-1	-1	-1	-1	-1	-1	-1	-1	-1	-1	-1	-1	-1	-1	-1	-1	-1	-1	-1	-1	-1	-1	-1
162	30	天山首席大弟子	华山论剑，天山为先！	46	1	48	华山论剑称号	1	取得华山论剑个人赛的前三名获得的称号。	0	106	-1	-1	48	15	-1	-1	-1	-1	-1	-1	-1	-1	-1	-1	-1	-1	-1	-1	-1	-1	-1	-1	-1	-1	-1	-1	-1	-1	-1	-1	-1
163	30	逍遥首席大弟子	华山论剑，逍遥为先！	46	1	48	华山论剑称号	1	取得华山论剑个人赛的前三名获得的称号。	0	106	-1	-1	48	15	-1	-1	-1	-1	-1	-1	-1	-1	-1	-1	-1	-1	-1	-1	-1	-1	-1	-1	-1	-1	-1	-1	-1	-1	-1	-1	-1
164	32	热心球迷	观看世界蹴鞠大赛的热心球迷。	62	1	1440	南非世界杯称号	1	世界蹴鞠大赛竞猜积分在1000~3499之间给予的称号。	0	106	-1	-1	-1	-1	-1	-1	-1	-1	-1	-1	-1	-1	-1	-1	-1	-1	-1	-1	-1	-1	-1	-1	-1	-1	-1	-1	-1	-1	-1	-1	-1
165	32	高端球迷	热爱世界蹴鞠大赛的高端球迷。	62	2	1440	南非世界杯称号	1	世界蹴鞠大赛竞猜积分在3500~5199之间给予的称号。	0	106	-1	-1	-1	-1	-1	-1	-1	-1	-1	-1	-1	-1	-1	-1	-1	-1	-1	-1	-1	-1	-1	-1	-1	-1	-1	-1	-1	-1	-1	-1	-1
166	32	资深球帝	评论世界蹴鞠大赛的资深球帝。	62	3	1440	南非世界杯称号	1	世界蹴鞠大赛竞猜积分在5200~10399之间给予的称号。	0	106	-1	-1	-1	-1	-1	-1	-1	-1	-1	-1	-1	-1	-1	-1	-1	-1	-1	-1	-1	-1	-1	-1	-1	-1	-1	-1	-1	-1	-1	-1	-1
167	32	黄金球神	鉴赏世界蹴鞠大赛的黄金球神。	62	4	1440	南非世界杯称号	1	世界蹴鞠大赛竞猜积分10400或以上给予的称号。	0	106	-1	-1	-1	-1	-1	-1	-1	-1	-1	-1	-1	-1	-1	-1	-1	-1	-1	-1	-1	-1	-1	-1	-1	-1	-1	-1	-1	-1	-1	-1	-1
168	33	梦回天龙我为先	梦回天龙，我为先锋。	52	1	-1	参加怀旧・新天龙八部初心首测，角色等级达50级获得。	1	参加怀旧・新天龙八部初心首测，角色等级达50级获得。	0	106	-1	-1	-1	-1	-1	-1	-1	-1	-1	-1	-1	-1	-1	-1	-1	-1	-1	-1	-1	-1	-1	-1	-1	-1	-1	-1	-1	-1	-1	-1	-1
169	34	天龙故友・一载归来	相识一载，再见故友。执手相看，言笑晏晏。	51	1	-1	成功使用天龙故友系列礼包后获得。	1	与新天龙八部相识一载的侠士，再现天龙江湖之时，所被授予的荣誉称号。成功使用天龙故友系列礼包后获得。	0	106	-1	-1	-1	-1	-1	-1	-1	-1	-1	-1	-1	-1	-1	-1	-1	-1	-1	-1	-1	-1	-1	-1	-1	-1	-1	-1	-1	-1	-1	-1	-1
170	34	天龙故友・二载归来	相识二载，再见故友。执手相看，言笑晏晏。	51	1	-1	成功使用天龙故友系列礼包后获得。	1	与新天龙八部相识二载的侠士，再现天龙江湖之时，所被授予的荣誉称号。成功使用天龙故友系列礼包后获得。	0	106	-1	-1	-1	-1	-1	-1	-1	-1	-1	-1	-1	-1	-1	-1	-1	-1	-1	-1	-1	-1	-1	-1	-1	-1	-1	-1	-1	-1	-1	-1	-1
171	34	天龙故友・三载归来	相识三载，再见故友。执手相看，言笑晏晏。	51	1	-1	成功使用天龙故友系列礼包后获得。	1	与新天龙八部相识三载的侠士，再现天龙江湖之时，所被授予的荣誉称号。成功使用天龙故友系列礼包后获得。	0	106	-1	-1	-1	-1	-1	-1	-1	-1	-1	-1	-1	-1	-1	-1	-1	-1	-1	-1	-1	-1	-1	-1	-1	-1	-1	-1	-1	-1	-1	-1	-1
172	34	天龙故友・四载归来	相识四载，再见故友。执手相看，言笑晏晏。	51	1	-1	成功使用天龙故友系列礼包后获得。	1	与新天龙八部相识四载的侠士，再现天龙江湖之时，所被授予的荣誉称号。成功使用天龙故友系列礼包后获得。	0	106	-1	-1	-1	-1	-1	-1	-1	-1	-1	-1	-1	-1	-1	-1	-1	-1	-1	-1	-1	-1	-1	-1	-1	-1	-1	-1	-1	-1	-1	-1	-1
173	34	天龙故友・五载归来	相识五载，再见故友。执手相看，言笑晏晏。	51	1	-1	成功使用天龙故友系列礼包后获得。	1	与新天龙八部相识五载的侠士，再现天龙江湖之时，所被授予的荣誉称号。成功使用天龙故友系列礼包后获得。	0	106	-1	-1	-1	-1	-1	-1	-1	-1	-1	-1	-1	-1	-1	-1	-1	-1	-1	-1	-1	-1	-1	-1	-1	-1	-1	-1	-1	-1	-1	-1	-1
174	34	天龙故友・六载归来	相识六载，再见故友。执手相看，言笑晏晏。	51	1	-1	成功使用天龙故友系列礼包后获得。	1	与新天龙八部相识六载的侠士，再现天龙江湖之时，所被授予的荣誉称号。成功使用天龙故友系列礼包后获得。	0	106	-1	-1	-1	-1	-1	-1	-1	-1	-1	-1	-1	-1	-1	-1	-1	-1	-1	-1	-1	-1	-1	-1	-1	-1	-1	-1	-1	-1	-1	-1	-1
175	34	天龙故友・七载归来	相识七载，再见故友。执手相看，言笑晏晏。	51	1	-1	成功使用天龙故友系列礼包后获得。	1	与新天龙八部相识七载的侠士，再现天龙江湖之时，所被授予的荣誉称号。成功使用天龙故友系列礼包后获得。	0	106	-1	-1	-1	-1	-1	-1	-1	-1	-1	-1	-1	-1	-1	-1	-1	-1	-1	-1	-1	-1	-1	-1	-1	-1	-1	-1	-1	-1	-1	-1	-1
176	34	天龙故友・八载归来	相识八载，再见故友。执手相看，言笑晏晏。	51	1	-1	成功使用天龙故友系列礼包后获得。	1	与新天龙八部相识八载的侠士，再现天龙江湖之时，所被授予的荣誉称号。成功使用天龙故友系列礼包后获得。	0	106	-1	-1	-1	-1	-1	-1	-1	-1	-1	-1	-1	-1	-1	-1	-1	-1	-1	-1	-1	-1	-1	-1	-1	-1	-1	-1	-1	-1	-1	-1	-1
177	34	天龙故友・九载归来	相识九载，再见故友。执手相看，言笑晏晏。	51	1	-1	成功使用天龙故友系列礼包后获得。	1	与新天龙八部相识九载的侠士，再现天龙江湖之时，所被授予的荣誉称号。成功使用天龙故友系列礼包后获得。	0	106	-1	-1	-1	-1	-1	-1	-1	-1	-1	-1	-1	-1	-1	-1	-1	-1	-1	-1	-1	-1	-1	-1	-1	-1	-1	-1	-1	-1	-1	-1	-1
178	34	天龙故友・十载归来	相识十载，再见故友。执手相看，言笑晏晏。	51	1	-1	成功使用天龙故友系列礼包后获得。	1	与新天龙八部相识十载的侠士，再现天龙江湖之时，所被授予的荣誉称号。成功使用天龙故友系列礼包后获得。	0	106	-1	-1	-1	-1	-1	-1	-1	-1	-1	-1	-1	-1	-1	-1	-1	-1	-1	-1	-1	-1	-1	-1	-1	-1	-1	-1	-1	-1	-1	-1	-1
179	34	旷世嵩迷	音乐纯粹，爱嵩绝对。天龙江湖，有你相陪。许嵩歌迷的可爱凭证。	53	1	-1	使用爱嵩绝对礼匣后获得。	1	使用爱嵩绝对礼匣后获得。	0	106	-1	-1	-1	-1	-1	-1	-1	-1	-1	-1	-1	-1	-1	-1	-1	-1	-1	-1	-1	-1	-1	-1	-1	-1	-1	-1	-1	-1	-1	-1	-1
180	35	年华梦里故人来	2020年新天龙八部嘉年华，等你来耍~	54	1	-1	成功使用天龙游侠锦盒或天龙豪侠锦盒后获得。	1	成功使用天龙游侠锦盒或天龙豪侠锦盒后获得。	0	106	-1	-1	-1	-1	-1	-1	-1	-1	-1	-1	-1	-1	-1	-1	-1	-1	-1	-1	-1	-1	-1	-1	-1	-1	-1	-1	-1	-1	-1	-1	-1
181	36	$N大掌柜	生意兴隆，财运亨通。九州商会，与君相逢。	26	1	-1	道具	1	通过成为九州商会店主而获得的称号。	0	106	-1	-1	-1	-1	-1	-1	-1	-1	-1	-1	-1	-1	-1	-1	-1	-1	-1	-1	-1	-1	-1	-1	-1	-1	-1	-1	-1	-1	-1	-1	-1
182	38	$N的弟子	师徒称号。	25	1	-1	师徒称号	1	通过拜师成为其他玩家的弟子而获得的称号。	0	106	-1	-1	-1	-1	-1	-1	-1	-1	-1	-1	-1	-1	-1	-1	-1	-1	-1	-1	-1	-1	-1	-1	-1	-1	-1	-1	-1	-1	-1	-1	-1
183	1000	谜之追逐者	花灯隐语活动中解谜达人的象征。	100	1	-1	花灯隐语	1	花灯隐语活动中，完成活动任务6天领取的称号。	0	106	0	-1	-1	-1	-1	-1	-1	-1	-1	-1	-1	-1	-1	-1	-1	-1	-1	-1	-1	-1	-1	-1	-1	-1	-1	-1	-1	-1	-1	-1	-1
184	1000	谜一样的人	花灯隐语活动中解谜专家的象征。	100	2	-1	花灯隐语	1	花灯隐语活动中，完成活动任务10天领取的称号。	0	106	0	-1	-1	-1	-1	-1	-1	-1	-1	-1	-1	-1	-1	-1	-1	-1	-1	-1	-1	-1	-1	-1	-1	-1	-1	-1	-1	-1	-1	-1	-1
185	1000	超越谜的人	花灯隐语活动中解谜超人的象征。	100	3	-1	花灯隐语	1	花灯隐语活动中，完成活动任务12天领取的称号。	0	106	0	-1	-1	-1	-1	-1	-1	-1	-1	-1	-1	-1	-1	-1	-1	-1	-1	-1	-1	-1	-1	-1	-1	-1	-1	-1	-1	-1	-1	-1	-1
186	1001	斗酒学士	才高八斗，酒气横天。	101	1	-1	千杯不醉	1	千杯不醉活动中连续饮下8杯酒后在大理（110，159）杜子腾处领取的称号奖励。	0	106	0	-1	-1	-1	-1	-1	-1	-1	-1	-1	-1	-1	-1	-1	-1	-1	-1	-1	-1	-1	-1	-1	-1	-1	-1	-1	-1	-1	-1	-1	-1
187	1002	冠绝一时	高雅的品味为一时之冠。	102	1	-1	衣柜系统	1	储衣间拥有5件时装领取得到的称号。	0	106	0	-1	-1	-1	-1	-1	-1	-1	-1	-1	-1	-1	-1	-1	-1	-1	-1	-1	-1	-1	-1	-1	-1	-1	-1	-1	-1	-1	-1	-1	-1
188	1002	霞光十色	散发的魅力如同霞光一般，照耀全场。	102	2	-1	衣柜系统	1	储衣间拥有10件时装领取得到的称号。	0	106	0	-1	-1	-1	-1	-1	-1	-1	-1	-1	-1	-1	-1	-1	-1	-1	-1	-1	-1	-1	-1	-1	-1	-1	-1	-1	-1	-1	-1	-1	-1
189	1002	绫罗百纳	绸缎绫罗，锦衣百纳，高贵而不失风雅。	102	3	-1	衣柜系统	1	储衣间拥有15件时装领取得到的称号。	0	106	0	-1	-1	-1	-1	-1	-1	-1	-1	-1	-1	-1	-1	-1	-1	-1	-1	-1	-1	-1	-1	-1	-1	-1	-1	-1	-1	-1	-1	-1	-1
190	1002	锦卉千葩	如同千万朵奇花同时盛放，竞相争艳，绚丽的衣着超脱凡俗，仿若天仙下凡。	102	4	-1	衣柜系统	1	储衣间拥有15件不同类型的时装领取得到的称号。	0	106	0	-1	-1	-1	-1	-1	-1	-1	-1	-1	-1	-1	-1	-1	-1	-1	-1	-1	-1	-1	-1	-1	-1	-1	-1	-1	-1	-1	-1	-1	-1
191	1002	绮罗万华	绮罗加身，风华绝代。	102	5	-1	衣柜系统	1	储衣间拥有20件时装才能获得此称号。	0	106	0	-1	-1	-1	-1	-1	-1	-1	-1	-1	-1	-1	-1	-1	-1	-1	-1	-1	-1	-1	-1	-1	-1	-1	-1	-1	-1	-1	-1	-1	-1
192	1002	云绒巧纳	纤云弄巧，满目琳琅。	102	6	-1	衣柜系统	1	储衣间拥有20件不同类型的时装才能获得此称号。	0	106	0	-1	-1	-1	-1	-1	-1	-1	-1	-1	-1	-1	-1	-1	-1	-1	-1	-1	-1	-1	-1	-1	-1	-1	-1	-1	-1	-1	-1	-1	-1
193	1002	星缎锦绣	锦衣华服，璀璨如星。	102	7	-1	衣柜系统	1	储衣间拥有25件时装才能获得此称号。	0	106	0	-1	-1	-1	-1	-1	-1	-1	-1	-1	-1	-1	-1	-1	-1	-1	-1	-1	-1	-1	-1	-1	-1	-1	-1	-1	-1	-1	-1	-1	-1
194	1002	月纨华素	月仙织就，舞动清秋。	102	8	-1	衣柜系统	1	储衣间拥有25件不同类型的时装才能获得此称号。	0	106	0	-1	-1	-1	-1	-1	-1	-1	-1	-1	-1	-1	-1	-1	-1	-1	-1	-1	-1	-1	-1	-1	-1	-1	-1	-1	-1	-1	-1	-1	-1
195	1002	金缕流光	金缕霓裳，光华周流。	102	9	-1	衣柜系统	1	储衣间拥有30件时装才能获得此称号。	0	106	0	-1	-1	-1	-1	-1	-1	-1	-1	-1	-1	-1	-1	-1	-1	-1	-1	-1	-1	-1	-1	-1	-1	-1	-1	-1	-1	-1	-1	-1	-1
196	1002	仙袂玉裘	仙衣天成，灵玉润柔。	102	10	-1	衣柜系统	1	储衣间拥有30件不同类型的时装才能获得此称号。	0	106	0	-1	-1	-1	-1	-1	-1	-1	-1	-1	-1	-1	-1	-1	-1	-1	-1	-1	-1	-1	-1	-1	-1	-1	-1	-1	-1	-1	-1	-1	-1
197	1003	天龙兄弟团	您点的侠意套餐已送达。	103	1	720	美团联动活动	1	参加新天龙八部×美团联动活动获得的专属称号。	0	106	0	-1	-1	-1	-1	-1	-1	-1	-1	-1	-1	-1	-1	-1	-1	-1	-1	-1	-1	-1	-1	-1	-1	-1	-1	-1	-1	-1	-1	-1	-1
198	1004	天龙才子・妙手丹青	纵情水墨自奇绝，画龙点睛神韵生。	104	1	2160	奖励给长期为官方微信、微博投稿，在绘图、制图方面有突出贡献的才艺玩家。	1	奖励给长期为官方微信、微博投稿，在绘图、制图方面有突出贡献的才艺玩家。	0	106	0	-1	-1	-1	-1	-1	-1	-1	-1	-1	-1	-1	-1	-1	-1	-1	-1	-1	-1	-1	-1	-1	-1	-1	-1	-1	-1	-1	-1	-1	-1
199	1004	天龙才子・锦绣华章	书剑江湖任挥洒，笔扫千军定乾坤。	105	1	2160	奖励给长期为官方微信、微博投稿，在文章、稿件方面有突出贡献的才艺玩家。	1	奖励给长期为官方微信、微博投稿，在文章、稿件方面有突出贡献的才艺玩家。	0	106	0	-1	-1	-1	-1	-1	-1	-1	-1	-1	-1	-1	-1	-1	-1	-1	-1	-1	-1	-1	-1	-1	-1	-1	-1	-1	-1	-1	-1	-1	-1
200	1004	天龙才子・光影霓裳	自古风流多才性，光影流变鉴天龙。	106	1	2160	奖励给长期为官方微信、微博投稿，在视频、音乐方面有突出贡献的才艺玩家。	1	奖励给长期为官方微信、微博投稿，在视频、音乐方面有突出贡献的才艺玩家。	0	106	0	-1	-1	-1	-1	-1	-1	-1	-1	-1	-1	-1	-1	-1	-1	-1	-1	-1	-1	-1	-1	-1	-1	-1	-1	-1	-1	-1	-1	-1	-1
201	1005	江湖百晓生	为新天龙八部记者站活跃小记者特别准备。	107	1	720	小记者专属礼包专属限时称号	1	成为新天龙八部记者站活跃小记者所获得的专属称号。	0	106	0	-1	-1	-1	-1	-1	-1	-1	-1	-1	-1	-1	-1	-1	-1	-1	-1	-1	-1	-1	-1	-1	-1	-1	-1	-1	-1	-1	-1	-1	-1
202	1006	如花似玉	貌美如花，肤似美玉，天生丽质赛闭月，温文尔雅胜沉鱼。	108	1	-1	2021年情人称号	1	情人节活动专属称号。	0	106	0	-1	-1	-1	-1	-1	-1	-1	-1	-1	-1	-1	-1	-1	-1	-1	-1	-1	-1	-1	-1	-1	-1	-1	-1	-1	-1	-1	-1	-1	-1
203	1006	气宇不凡	相貌、气度非凡俗所能及，所到之处无不赞美，夸奖之声不绝于耳。	109	1	-1	2021年情人称号	1	情人节活动专属称号。	0	106	0	-1	-1	-1	-1	-1	-1	-1	-1	-1	-1	-1	-1	-1	-1	-1	-1	-1	-1	-1	-1	-1	-1	-1	-1	-1	-1	-1	-1	-1	-1
204	1007	国色天香	翩若惊鸿，婉若游龙，荣曜秋菊，华茂春松，实为国色天香。	110	2	-1	2021年情人称号	1	情人节活动专属称号。	0	106	0	-1	-1	-1	-1	-1	-1	-1	-1	-1	-1	-1	-1	-1	-1	-1	-1	-1	-1	-1	-1	-1	-1	-1	-1	-1	-1	-1	-1	-1	-1
205	1007	风流倜傥	有才学而不拘礼法，仅凭一言一行，即可令众多江湖侠女为之心动。	111	2	-1	2021年情人称号	1	情人节活动专属称号。	0	106	0	-1	-1	-1	-1	-1	-1	-1	-1	-1	-1	-1	-1	-1	-1	-1	-1	-1	-1	-1	-1	-1	-1	-1	-1	-1	-1	-1	-1	-1	-1
206	1008	倾国倾城	北方有佳人，绝世而独立，一顾倾人城，再顾倾人国宁不知倾城与倾国，佳人难再得。	112	3	-1	2021年情人称号	1	情人节活动专属称号。	0	106	0	-1	-1	-1	-1	-1	-1	-1	-1	-1	-1	-1	-1	-1	-1	-1	-1	-1	-1	-1	-1	-1	-1	-1	-1	-1	-1	-1	-1	-1	-1
207	1008	玉树临风	生来气质超凡，样貌赛过潘安，动如迅雷闪电，静如玉树翩翩，引得无数女侠为之倾倒。	113	3	-1	2021年情人称号	1	情人节活动专属称号。	0	106	0	-1	-1	-1	-1	-1	-1	-1	-1	-1	-1	-1	-1	-1	-1	-1	-1	-1	-1	-1	-1	-1	-1	-1	-1	-1	-1	-1	-1	-1	-1
208	1009	绝世佳人	绝世风华，妙容仙姿。倾世佳人，宛若画中云仙。	132	4	-1	2021年情人称号	1	情人节活动专属称号。	0	106	0	-1	-1	-1	-1	-1	-1	-1	-1	-1	-1	-1	-1	-1	-1	-1	-1	-1	-1	-1	-1	-1	-1	-1	-1	-1	-1	-1	-1	-1	-1
209	1009	龙章凤姿	龙章凤彩，其质天然。掷果潘郎，又兼惊才风逸。	133	4	-1	2021年情人称号	1	情人节活动专属称号。	0	106	0	-1	-1	-1	-1	-1	-1	-1	-1	-1	-1	-1	-1	-1	-1	-1	-1	-1	-1	-1	-1	-1	-1	-1	-1	-1	-1	-1	-1	-1	-1
210	1010	痴心不忘・醉世情圣	花影摇曳蝶流连，万千宠爱集一身。	189	1	-1	2021年情人称号	1	万千宠爱送花榜第一名。	0	106	0	-1	-1	-1	-1	-1	-1	-1	-1	-1	-1	-1	-1	-1	-1	-1	-1	-1	-1	-1	-1	-1	-1	-1	-1	-1	-1	-1	-1	-1	-1
211	1010	韶华绮梦・玫瑰情人	花影摇曳蝶流连，万千宠爱集一身。	190	1	-1	2021年情人称号	1	万千宠爱收花榜第一名。	0	106	0	-1	-1	-1	-1	-1	-1	-1	-1	-1	-1	-1	-1	-1	-1	-1	-1	-1	-1	-1	-1	-1	-1	-1	-1	-1	-1	-1	-1	-1	-1
212	1011	隐语者	花灯隐语活动中解谜达人的象征。	134	1	-1	花灯隐语活动中，累计完成任务3次领取的称号。	1	花灯隐语活动中，累计完成任务3次领取的称号。	0	106	0	-1	-1	-1	-1	-1	-1	-1	-1	-1	-1	-1	-1	-1	-1	-1	-1	-1	-1	-1	-1	-1	-1	-1	-1	-1	-1	-1	-1	-1	-1
213	1011	谐隐雕龙	花灯隐语活动中解谜专家的象征。	134	2	-1	花灯隐语活动中，累计完成任务6次领取的称号。	1	花灯隐语活动中，累计完成任务6次领取的称号。	0	106	0	-1	-1	-1	-1	-1	-1	-1	-1	-1	-1	-1	-1	-1	-1	-1	-1	-1	-1	-1	-1	-1	-1	-1	-1	-1	-1	-1	-1	-1	-1
214	1011	无文隐谜踪	花灯隐语活动中解谜超人的象征。	134	3	-1	花灯隐语活动中，累计完成任务9次领取的称号。	1	花灯隐语活动中，累计完成任务9次领取的称号。	0	106	0	-1	-1	-1	-1	-1	-1	-1	-1	-1	-1	-1	-1	-1	-1	-1	-1	-1	-1	-1	-1	-1	-1	-1	-1	-1	-1	-1	-1	-1	-1
215	1012	英雄大会・盖世豪侠	英雄大会票选中独占鳌头。	135	4	2160	英雄大会票选中独占鳌头，夺得第一名。	1	英雄大会票选中夺得第1名。	0	106	9	-1	0	2000	-1	-1	-1	-1	-1	-1	-1	-1	-1	-1	-1	-1	-1	-1	-1	-1	-1	-1	-1	-1	-1	-1	-1	-1	-1	-1	-1
216	1012	英雄大会・当世名侠	英雄大会票选中成绩斐然。	135	3	2160	英雄大会票选中成绩斐然，夺得第2-3名。	1	英雄大会票选中夺得第2-3名。	0	106	8	-1	0	1500	-1	-1	-1	-1	-1	-1	-1	-1	-1	-1	-1	-1	-1	-1	-1	-1	-1	-1	-1	-1	-1	-1	-1	-1	-1	-1	-1
217	1013	陷阵营	斩敌夺阵，勇往直前的兵卒，战场中的主力。	136	1	-1	兵行四象专属称号	1	历史四象荣誉达到500点领取。	0	106	3	-1	0	200	-1	-1	-1	-1	-1	-1	-1	-1	-1	-1	-1	-1	-1	-1	-1	-1	-1	-1	-1	-1	-1	-1	-1	-1	-1	-1	-1
218	1013	骁骑军	千里单骑，冲锋陷阵的勇者，战场中的精英。	136	2	-1	兵行四象专属称号	1	历史四象荣誉达到2000点领取。	0	106	3	-1	0	300	-1	-1	-1	-1	-1	-1	-1	-1	-1	-1	-1	-1	-1	-1	-1	-1	-1	-1	-1	-1	-1	-1	-1	-1	-1	-1	-1
219	1013	纵横士	纵横千里，功勋卓著的将领，战场中的英才。	136	3	-1	兵行四象专属称号	1	历史四象荣誉达到5000点领取。	0	106	4	-1	0	440	-1	-1	-1	-1	-1	-1	-1	-1	-1	-1	-1	-1	-1	-1	-1	-1	-1	-1	-1	-1	-1	-1	-1	-1	-1	-1	-1
220	1013	百胜将	百战百胜，破敌千军的大将，战场中的核心。	136	4	-1	兵行四象专属称号	1	历史四象荣誉达到20000点领取。	0	106	4	-1	0	600	-1	-1	-1	-1	-1	-1	-1	-1	-1	-1	-1	-1	-1	-1	-1	-1	-1	-1	-1	-1	-1	-1	-1	-1	-1	-1	-1
221	1013	领军之帅	纵领千军，气盖山河的元帅，战场中的王者。	136	5	-1	兵行四象专属称号	1	历史四象荣誉达到50000点领取。	0	106	4	-1	0	900	-1	-1	-1	-1	-1	-1	-1	-1	-1	-1	-1	-1	-1	-1	-1	-1	-1	-1	-1	-1	-1	-1	-1	-1	-1	-1	-1
222	1013	国士无双	所向披靡，傲世无双的国士，战场中的主宰。	136	6	-1	兵行四象专属称号	1	历史四象荣誉达到100000点领取。	0	106	5	-1	0	1300	-1	-1	-1	-1	-1	-1	-1	-1	-1	-1	-1	-1	-1	-1	-1	-1	-1	-1	-1	-1	-1	-1	-1	-1	-1	-1	-1
223	1013	天下归心	群雄敬仰、天下归心的帝王，战场中的传说。	136	7	-1	兵行四象专属称号	1	历史四象荣誉达到200000点领取。	0	106	5	-1	0	2000	-1	-1	-1	-1	-1	-1	-1	-1	-1	-1	-1	-1	-1	-1	-1	-1	-1	-1	-1	-1	-1	-1	-1	-1	-1	-1	-1
224	1012	英雄大会・四海英杰	英雄大会票选中成绩斐然。	135	2	2160	英雄大会票选中成绩斐然，夺得4-10名。	1	英雄大会票选中夺得4-10名。	0	106	7	-1	0	1000	-1	-1	-1	-1	-1	-1	-1	-1	-1	-1	-1	-1	-1	-1	-1	-1	-1	-1	-1	-1	-1	-1	-1	-1	-1	-1	-1
225	1012	英雄大会・一方逍遥	英雄大会票选中成绩斐然。	135	1	2160	英雄大会票选中成绩斐然，夺得11-20名。	1	英雄大会票选中夺得11-20名。	0	106	6	-1	0	500	-1	-1	-1	-1	-1	-1	-1	-1	-1	-1	-1	-1	-1	-1	-1	-1	-1	-1	-1	-1	-1	-1	-1	-1	-1	-1	-1
226	1014	一世有你	2021年怀旧玩家见面会专属称号	137	1	-1	2021年怀旧玩家见面会专属称号	1	使用玩家伴手礼礼包后可获得。	0	106	0	-1	-1	-1	-1	-1	-1	-1	-1	-1	-1	-1	-1	-1	-1	-1	-1	-1	-1	-1	-1	-1	-1	-1	-1	-1	-1	-1	-1	-1	-1
227	1015	揽锦撷芳・入骨相思	七夕满庭芳花序榜・鸳鸯梦送花榜第一名。	138	1	-1	七夕满庭芳花序榜・鸳鸯梦送花榜第一名。	1	七夕满庭芳花序榜・鸳鸯梦送花榜第一名获得。	0	106	14	-1	-1	-1	-1	-1	-1	-1	-1	-1	-1	-1	-1	-1	-1	-1	-1	-1	-1	-1	-1	-1	-1	-1	-1	-1	-1	-1	-1	-1	-1
228	1015	念久情长・君心我心	七夕满庭芳花序榜・鸳鸯梦收花榜第一名。	139	1	-1	七夕满庭芳花序榜・鸳鸯梦收花榜第一名。	1	七夕满庭芳花序榜・鸳鸯梦收花榜第一名获得。	0	106	15	-1	-1	-1	-1	-1	-1	-1	-1	-1	-1	-1	-1	-1	-1	-1	-1	-1	-1	-1	-1	-1	-1	-1	-1	-1	-1	-1	-1	-1	-1
229	1016	愿逐月华缱绻客	七夕活动期间累计收花188朵奖励称号。	140	1	-1	七夕活动期间累计收花188朵奖励称号。	1	七夕活动期间累计收花188朵奖励称号可获得。	0	106	13	-1	-1	-1	-1	-1	-1	-1	-1	-1	-1	-1	-1	-1	-1	-1	-1	-1	-1	-1	-1	-1	-1	-1	-1	-1	-1	-1	-1	-1	-1
230	1017	佳人影	执扇绰约佳人影，莞尔不言似梦中。	141	1	720	执扇绰约佳人影，莞尔不言似梦中。	1	2021年女神大赛中，通过照片初级认证审核后可获得。	0	106	10	-1	-1	-1	-1	-1	-1	-1	-1	-1	-1	-1	-1	-1	-1	-1	-1	-1	-1	-1	-1	-1	-1	-1	-1	-1	-1	-1	-1	-1	-1
231	1017	星眸顾	扇底星眸睐，一顾解相思。	142	3	-1	扇底星眸睐，一顾解相思。	1	2021年女神大赛中，通过远程视频认证，视频与照片需为同一人后可获得。	0	106	12	-1	-1	-1	-1	-1	-1	-1	-1	-1	-1	-1	-1	-1	-1	-1	-1	-1	-1	-1	-1	-1	-1	-1	-1	-1	-1	-1	-1	-1	-1
232	1017	万芳主	倦起缓摇扇，一笑御万芳。	143	1	-1	倦起缓摇扇，一笑御万芳。	1	2021年女神大赛中，高级赛区票数第一后可获得。	0	106	11	-1	-1	-1	-1	-1	-1	-1	-1	-1	-1	-1	-1	-1	-1	-1	-1	-1	-1	-1	-1	-1	-1	-1	-1	-1	-1	-1	-1	-1	-1
233	1017	佳人影	执扇绰约佳人影，莞尔不言似梦中。	141	2	2160	执扇绰约佳人影，莞尔不言似梦中。	1	2021年女神大赛中，通过照片初级认证审核后可获得。	0	106	10	-1	-1	-1	-1	-1	-1	-1	-1	-1	-1	-1	-1	-1	-1	-1	-1	-1	-1	-1	-1	-1	-1	-1	-1	-1	-1	-1	-1	-1	-1
234	1017	星眸顾	扇底星眸睐，一顾解相思。	142	1	1440	扇底星眸睐，一顾解相思。	1	2021年女神大赛中，通过远程视频认证，视频与照片需为同一人后可获得。	0	106	12	-1	-1	-1	-1	-1	-1	-1	-1	-1	-1	-1	-1	-1	-1	-1	-1	-1	-1	-1	-1	-1	-1	-1	-1	-1	-1	-1	-1	-1	-1
235	1017	星眸顾	扇底星眸睐，一顾解相思。	142	2	2160	扇底星眸睐，一顾解相思。	1	2021年女神大赛中，通过远程视频认证，视频与照片需为同一人后可获得。	0	106	12	-1	-1	-1	-1	-1	-1	-1	-1	-1	-1	-1	-1	-1	-1	-1	-1	-1	-1	-1	-1	-1	-1	-1	-1	-1	-1	-1	-1	-1	-1
236	1018	少林真传・罗汉	愿渡凡世恶，摧伏邪魔道。	144	1	-1	愿渡凡世恶，摧伏邪魔道。	1	完成武道引导任务・详参武道得真传，成为门派真传弟子后可获得。	0	106	18	-1	-1	-1	-1	-1	-1	-1	-1	-1	-1	-1	-1	-1	-1	-1	-1	-1	-1	-1	-1	-1	-1	-1	-1	-1	-1	-1	-1	-1	-1
237	1018	少林真传・金刚	愿承火宅苦，慈护众生相。	144	1	-1	愿承火宅苦，慈护众生相。	1	完成武道引导任务・详参武道得真传，成为门派真传弟子后可获得。	0	106	18	-1	-1	-1	-1	-1	-1	-1	-1	-1	-1	-1	-1	-1	-1	-1	-1	-1	-1	-1	-1	-1	-1	-1	-1	-1	-1	-1	-1	-1	-1
238	1018	明教真传・天罗	天罗织就罢，一念覆坤舆。	144	1	-1	天罗织就罢，一念覆坤舆。	1	完成武道引导任务・详参武道得真传，成为门派真传弟子后可获得。	0	106	18	-1	-1	-1	-1	-1	-1	-1	-1	-1	-1	-1	-1	-1	-1	-1	-1	-1	-1	-1	-1	-1	-1	-1	-1	-1	-1	-1	-1	-1	-1
239	1018	明教真传・血戾	残息濒绝境，焚血戮仇雠。	144	1	-1	残息濒绝境，焚血戮仇雠。	1	完成武道引导任务・详参武道得真传，成为门派真传弟子后可获得。	0	106	18	-1	-1	-1	-1	-1	-1	-1	-1	-1	-1	-1	-1	-1	-1	-1	-1	-1	-1	-1	-1	-1	-1	-1	-1	-1	-1	-1	-1	-1	-1
240	1018	丐帮真传・酒狂	醺然抬眼望，浩歌嘲斜阳。	144	1	-1	醺然抬眼望，浩歌嘲斜阳。	1	完成武道引导任务・详参武道得真传，成为门派真传弟子后可获得。	0	106	18	-1	-1	-1	-1	-1	-1	-1	-1	-1	-1	-1	-1	-1	-1	-1	-1	-1	-1	-1	-1	-1	-1	-1	-1	-1	-1	-1	-1	-1	-1
241	1018	丐帮真传・行侠	一任义气满，行侠世无双。	144	1	-1	一任义气满，行侠世无双。	1	完成武道引导任务・详参武道得真传，成为门派真传弟子后可获得。	0	106	18	-1	-1	-1	-1	-1	-1	-1	-1	-1	-1	-1	-1	-1	-1	-1	-1	-1	-1	-1	-1	-1	-1	-1	-1	-1	-1	-1	-1	-1	-1
242	1018	武当真传・凭虚	纵苇天地去，桂棹G乃远。	144	1	-1	纵苇天地去，桂棹G乃远。	1	完成武道引导任务・详参武道得真传，成为门派真传弟子后可获得。	0	106	18	-1	-1	-1	-1	-1	-1	-1	-1	-1	-1	-1	-1	-1	-1	-1	-1	-1	-1	-1	-1	-1	-1	-1	-1	-1	-1	-1	-1	-1	-1
243	1018	武当真传・摘星	且摘北辰光，绿漪琼杯酿。	144	1	-1	且摘北辰光，绿漪琼杯酿。	1	完成武道引导任务・详参武道得真传，成为门派真传弟子后可获得。	0	106	18	-1	-1	-1	-1	-1	-1	-1	-1	-1	-1	-1	-1	-1	-1	-1	-1	-1	-1	-1	-1	-1	-1	-1	-1	-1	-1	-1	-1	-1	-1
244	1018	峨嵋真传・沁芳	风回馨愈染，渲得满庭芳。	144	1	-1	风回馨愈染，渲得满庭芳。	1	完成武道引导任务・详参武道得真传，成为门派真传弟子后可获得。	0	106	18	-1	-1	-1	-1	-1	-1	-1	-1	-1	-1	-1	-1	-1	-1	-1	-1	-1	-1	-1	-1	-1	-1	-1	-1	-1	-1	-1	-1	-1	-1
245	1018	峨嵋真传・清音	轻啼穿初晓，清泠有佳音。	144	1	-1	轻啼穿初晓，清泠有佳音。	1	完成武道引导任务・详参武道得真传，成为门派真传弟子后可获得。	0	106	18	-1	-1	-1	-1	-1	-1	-1	-1	-1	-1	-1	-1	-1	-1	-1	-1	-1	-1	-1	-1	-1	-1	-1	-1	-1	-1	-1	-1	-1	-1
246	1018	星宿真传・寒冥	寒波渡秋雨，飞雪扰青冥。	144	1	-1	寒波渡秋雨，飞雪扰青冥。	1	完成武道引导任务・详参武道得真传，成为门派真传弟子后可获得。	0	106	18	-1	-1	-1	-1	-1	-1	-1	-1	-1	-1	-1	-1	-1	-1	-1	-1	-1	-1	-1	-1	-1	-1	-1	-1	-1	-1	-1	-1	-1	-1
247	1018	星宿真传・九厄	九天夺星辉，厄海困凡尘。	144	1	-1	九天夺星辉，厄海困凡尘。	1	完成武道引导任务・详参武道得真传，成为门派真传弟子后可获得。	0	106	18	-1	-1	-1	-1	-1	-1	-1	-1	-1	-1	-1	-1	-1	-1	-1	-1	-1	-1	-1	-1	-1	-1	-1	-1	-1	-1	-1	-1	-1	-1
248	1018	天龙真传・龙威	苍龙威犹在，唯我真英雄。	144	1	-1	苍龙威犹在，唯我真英雄。	1	完成武道引导任务・详参武道得真传，成为门派真传弟子后可获得。	0	106	18	-1	-1	-1	-1	-1	-1	-1	-1	-1	-1	-1	-1	-1	-1	-1	-1	-1	-1	-1	-1	-1	-1	-1	-1	-1	-1	-1	-1	-1	-1
249	1018	天龙真传・菩天	菩提非明净，天人一念间。	144	1	-1	菩提非明净，天人一念间。	1	完成武道引导任务・详参武道得真传，成为门派真传弟子后可获得。	0	106	18	-1	-1	-1	-1	-1	-1	-1	-1	-1	-1	-1	-1	-1	-1	-1	-1	-1	-1	-1	-1	-1	-1	-1	-1	-1	-1	-1	-1	-1	-1
250	1018	天山真传・霜凝	清晖凝寒露，冷霜拂剑身。	144	1	-1	清晖凝寒露，冷霜拂剑身。	1	完成武道引导任务・详参武道得真传，成为门派真传弟子后可获得。	0	106	18	-1	-1	-1	-1	-1	-1	-1	-1	-1	-1	-1	-1	-1	-1	-1	-1	-1	-1	-1	-1	-1	-1	-1	-1	-1	-1	-1	-1	-1	-1
251	1018	天山真传・雪隐	寒夜不见雪，暗隐山林间。	144	1	-1	寒夜不见雪，暗隐山林间。	1	完成武道引导任务・详参武道得真传，成为门派真传弟子后可获得。	0	106	18	-1	-1	-1	-1	-1	-1	-1	-1	-1	-1	-1	-1	-1	-1	-1	-1	-1	-1	-1	-1	-1	-1	-1	-1	-1	-1	-1	-1	-1	-1
252	1018	逍遥真传・逸仙	乘风逸四海，寻仙问长生。	144	1	-1	乘风逸四海，寻仙问长生。	1	完成武道引导任务・详参武道得真传，成为门派真传弟子后可获得。	0	106	18	-1	-1	-1	-1	-1	-1	-1	-1	-1	-1	-1	-1	-1	-1	-1	-1	-1	-1	-1	-1	-1	-1	-1	-1	-1	-1	-1	-1	-1	-1
253	1018	逍遥真传・明鬼	世有聪明士，鬼神谓有乎？	144	1	-1	世有聪明士，鬼神谓有乎？	1	完成武道引导任务・详参武道得真传，成为门派真传弟子后可获得。	0	106	18	-1	-1	-1	-1	-1	-1	-1	-1	-1	-1	-1	-1	-1	-1	-1	-1	-1	-1	-1	-1	-1	-1	-1	-1	-1	-1	-1	-1	-1	-1
254	1019	天龙女神・守护骑士	我愿永远，守护你的梦。	145	1	720	我愿永远，守护你的梦。	1	 2021年女神大赛中，添加八妹企业微信号进入女神应援群，并邀请两名好友进群添加八妹，即可获得（限量5000份）。	0	106	16	-1	-1	-1	-1	-1	-1	-1	-1	-1	-1	-1	-1	-1	-1	-1	-1	-1	-1	-1	-1	-1	-1	-1	-1	-1	-1	-1	-1	-1	-1
255	1020	且酿陈酒・共话江湖	诉剑影，叙刀光，且将恩仇一梦酿；思故人，忆旧往，醺然共话江湖长。	146	1	-1	诉剑影，叙刀光，且将恩仇一梦酿；思故人，忆旧往，醺然共话江湖长。	1	“我在天龙闯江湖”故事征集活动获得。	0	106	17	-1	-1	-1	-1	-1	-1	-1	-1	-1	-1	-1	-1	-1	-1	-1	-1	-1	-1	-1	-1	-1	-1	-1	-1	-1	-1	-1	-1	-1	-1
256	12	曼陀侠士	曼陀初级男弟子。	21	1	-1	师门贡献	1	曼陀男弟子默认给予的称号。	0	106	-1	-1	-1	-1	-1	-1	-1	-1	-1	-1	-1	-1	-1	-1	-1	-1	-1	-1	-1	-1	-1	-1	-1	-1	-1	-1	-1	-1	-1	-1	-1
257	12	凝徽琴师	曼陀中级男弟子。	21	2	-1	师门贡献	1	曼陀男弟子的师门贡献度达到1000给予的称号。	0	106	-1	-1	-1	-1	-1	-1	-1	-1	-1	-1	-1	-1	-1	-1	-1	-1	-1	-1	-1	-1	-1	-1	-1	-1	-1	-1	-1	-1	-1	-1	-1
258	12	拂晓琴宗	曼陀高级男弟子。	21	3	-1	师门贡献	1	曼陀男弟子的师门贡献度达到2500给予的称号。	0	106	-1	-1	-1	-1	-1	-1	-1	-1	-1	-1	-1	-1	-1	-1	-1	-1	-1	-1	-1	-1	-1	-1	-1	-1	-1	-1	-1	-1	-1	-1	-1
259	12	渡情琴仙	曼陀资深男弟子。	21	4	-1	师门贡献	1	曼陀男弟子的师门贡献度达到5000给予的称号。	0	106	-1	-1	-1	-1	-1	-1	-1	-1	-1	-1	-1	-1	-1	-1	-1	-1	-1	-1	-1	-1	-1	-1	-1	-1	-1	-1	-1	-1	-1	-1	-1
260	12	曼陀侠女	曼陀初级女弟子。	21	1	-1	师门贡献	1	曼陀女弟子默认给予的称号。	0	106	-1	-1	-1	-1	-1	-1	-1	-1	-1	-1	-1	-1	-1	-1	-1	-1	-1	-1	-1	-1	-1	-1	-1	-1	-1	-1	-1	-1	-1	-1	-1
261	12	聆韵琴师	曼陀中级女弟子。	21	2	-1	师门贡献	1	曼陀女弟子的师门贡献度达到1000给予的称号。	0	106	-1	-1	-1	-1	-1	-1	-1	-1	-1	-1	-1	-1	-1	-1	-1	-1	-1	-1	-1	-1	-1	-1	-1	-1	-1	-1	-1	-1	-1	-1	-1
262	12	清照琴宗	曼陀高级女弟子。	21	3	-1	师门贡献	1	曼陀女弟子的师门贡献度达到2500给予的称号。	0	106	-1	-1	-1	-1	-1	-1	-1	-1	-1	-1	-1	-1	-1	-1	-1	-1	-1	-1	-1	-1	-1	-1	-1	-1	-1	-1	-1	-1	-1	-1	-1
263	12	观情琴仙	曼陀资深女弟子。	21	4	-1	师门贡献	1	曼陀女弟子的师门贡献度达到5000给予的称号。	0	106	-1	-1	-1	-1	-1	-1	-1	-1	-1	-1	-1	-1	-1	-1	-1	-1	-1	-1	-1	-1	-1	-1	-1	-1	-1	-1	-1	-1	-1	-1	-1
264	1021	竹涧轻觞会知交	畅叙不觉天光易，竹影拂弦和醉歌。为参加2021年新天龙八部嘉年华活动的侠士们，特别准备的永久稀有称号。	147	1	-1	畅叙不觉天光易，竹影拂弦和醉歌。为参加2021年新天龙八部嘉年华活动的侠士们，特别准备的永久稀有称号。	1	成功使用天龙长舟锦盒或天龙苍鸿锦盒后获得。	0	106	19	1	-1	-1	-1	-1	-1	-1	-1	-1	-1	-1	-1	-1	-1	-1	-1	-1	-1	-1	-1	-1	-1	-1	-1	-1	-1	-1	-1	-1	-1
265	1022	暖心小甜饼	甜美是你，温暖是你，才下齿间，又入心底。	148	1	-1	甜美是你，温暖是你，才下齿间，又入心底。	1	打开2021年感恩节金瓜糯糯何处寻活动的意犹未尽礼获得。	0	106	21	1	-1	-1	-1	-1	-1	-1	-1	-1	-1	-1	-1	-1	-1	-1	-1	-1	-1	-1	-1	-1	-1	-1	-1	-1	-1	-1	-1	-1	-1
266	1022	绝美小甜饼	震惊！这是什么绝美小甜饼！	150	1	-1	震惊！这是什么绝美小甜饼！	1	打开2021年感恩节金瓜糯糯何处寻活动的心满意足礼获得。	0	106	20	1	-1	-1	-1	-1	-1	-1	-1	-1	-1	-1	-1	-1	-1	-1	-1	-1	-1	-1	-1	-1	-1	-1	-1	-1	-1	-1	-1	-1	-1
267	1023	万夫莫敌・虎慑	万夫莫敌，屹立于长留山之巅。	151	1	1440	万夫莫敌，屹立于长留山之巅。	1	剑纵山河赛季结束时，处于虎慑组排名第1-3名的少侠，可获得此称号。	0	106	22	1	-1	-1	-1	-1	-1	-1	-1	-1	-1	-1	-1	-1	-1	-1	-1	-1	-1	-1	-1	-1	-1	-1	-1	-1	-1	-1	-1	-1	-1
268	1023	所向披靡・虎慑	所向披靡，屹立于长留山之巅。	152	1	1440	所向披靡，屹立于长留山之巅。	1	剑纵山河赛季结束时，处于虎慑组排名第4-9名的少侠，可获得此称号。	0	106	23	1	-1	-1	-1	-1	-1	-1	-1	-1	-1	-1	-1	-1	-1	-1	-1	-1	-1	-1	-1	-1	-1	-1	-1	-1	-1	-1	-1	-1	-1
269	1023	锐不可挡・虎慑	锐不可挡，屹立于长留山之巅。	153	1	1440	锐不可挡，屹立于长留山之巅。	1	剑纵山河赛季结束时，处于虎慑组排名第10-30名的少侠，可获得此称号。	0	106	24	1	-1	-1	-1	-1	-1	-1	-1	-1	-1	-1	-1	-1	-1	-1	-1	-1	-1	-1	-1	-1	-1	-1	-1	-1	-1	-1	-1	-1	-1
270	1023	独步天下・龙威	独步天下，屹立于长留山之巅。	154	1	1440	独步天下，屹立于长留山之巅。	1	剑纵山河赛季结束时，处于龙威组排名第1-3名的少侠，可获得此称号。	0	106	25	1	-1	-1	-1	-1	-1	-1	-1	-1	-1	-1	-1	-1	-1	-1	-1	-1	-1	-1	-1	-1	-1	-1	-1	-1	-1	-1	-1	-1	-1
271	1023	剑荡九州・龙威	剑荡九州，屹立于长留山之巅。	155	1	1440	剑荡九州，屹立于长留山之巅。	1	剑纵山河赛季结束时，处于龙威组排名第4-9名的少侠，可获得此称号。	0	106	26	1	-1	-1	-1	-1	-1	-1	-1	-1	-1	-1	-1	-1	-1	-1	-1	-1	-1	-1	-1	-1	-1	-1	-1	-1	-1	-1	-1	-1	-1
272	1023	剑啸一方・龙威	剑啸一方，屹立于长留山之巅。	156	1	1440	剑啸一方，屹立于长留山之巅。	1	剑纵山河赛季结束时，处于龙威组排名第10-30名的少侠，可获得此称号。	0	106	27	1	-1	-1	-1	-1	-1	-1	-1	-1	-1	-1	-1	-1	-1	-1	-1	-1	-1	-1	-1	-1	-1	-1	-1	-1	-1	-1	-1	-1	-1
273	1024	一曲证心・炽恋不移	我该用什么样的歌，颂扬你流转的目光？懵懂莽撞，炽烈昂扬。	157	1	-1	情人节浪漫奏鸣三部曲终章・天琴泪送花榜第一名。	1	情人节浪漫奏鸣三部曲终章・天琴泪送花榜第一名获得。	0	106	32	1	-1	-1	-1	-1	-1	-1	-1	-1	-1	-1	-1	-1	-1	-1	-1	-1	-1	-1	-1	-1	-1	-1	-1	-1	-1	-1	-1	-1	-1
274	1024	倾世眷恋・爱之华章	我该用什么样的爱，回应你绵长的心意？今生不离，来世不移。	158	1	-1	情人节浪漫奏鸣三部曲终章・天琴泪收花榜第一名。	1	情人节浪漫奏鸣三部曲终章・天琴泪收花榜第一名获得。	0	106	33	1	-1	-1	-1	-1	-1	-1	-1	-1	-1	-1	-1	-1	-1	-1	-1	-1	-1	-1	-1	-1	-1	-1	-1	-1	-1	-1	-1	-1	-1
275	1025	玫瑰歌者	手持玫瑰的歌者，在有情人心上流浪。	159	1	-1	情人节活动期间累计收花188朵奖励称号。	1	情人节活动期间累计收花188朵奖励称号。	0	106	31	1	-1	-1	-1	-1	-1	-1	-1	-1	-1	-1	-1	-1	-1	-1	-1	-1	-1	-1	-1	-1	-1	-1	-1	-1	-1	-1	-1	-1	-1
276	1023	技冠群雄・鹰扬	技冠群雄，屹立于长留山之巅。	160	1	1440	技冠群雄，屹立于长留山之巅。	1	剑纵山河赛季结束时，处于鹰扬组排名第1-3名的少侠，可获得此称号。	0	106	28	1	-1	-1	-1	-1	-1	-1	-1	-1	-1	-1	-1	-1	-1	-1	-1	-1	-1	-1	-1	-1	-1	-1	-1	-1	-1	-1	-1	-1	-1
277	1023	骁勇善战・鹰扬	骁勇善战，屹立于长留山之巅。	161	1	1440	骁勇善战，屹立于长留山之巅。	1	剑纵山河赛季结束时，处于鹰扬组排名第4-9名的少侠，可获得此称号。	0	106	29	1	-1	-1	-1	-1	-1	-1	-1	-1	-1	-1	-1	-1	-1	-1	-1	-1	-1	-1	-1	-1	-1	-1	-1	-1	-1	-1	-1	-1	-1
278	1023	临锋不惧・鹰扬	临锋不惧，屹立于长留山之巅。	162	1	1440	临锋不惧，屹立于长留山之巅。	1	剑纵山河赛季结束时，处于鹰扬组排名第10-30名的少侠，可获得此称号。	0	106	30	1	-1	-1	-1	-1	-1	-1	-1	-1	-1	-1	-1	-1	-1	-1	-1	-1	-1	-1	-1	-1	-1	-1	-1	-1	-1	-1	-1	-1	-1
279	1026	言隐士	花灯隐语活动的称号奖励。解谜达人的象征。	163	1	4320	花灯隐语活动的称号奖励。解谜达人的象征。	1	花灯隐语活动中，完成活动任务3次领取的称号	0	106	0	1	-1	-1	-1	-1	-1	-1	-1	-1	-1	-1	-1	-1	-1	-1	-1	-1	-1	-1	-1	-1	-1	-1	-1	-1	-1	-1	-1	-1	-1
280	1026	谜隐绣虎	花灯隐语活动的称号奖励。解谜专家的象征。	163	2	4320	花灯隐语活动的称号奖励。解谜专家的象征。	1	花灯隐语活动中，完成活动任务6次领取的称号	0	106	0	1	-1	-1	-1	-1	-1	-1	-1	-1	-1	-1	-1	-1	-1	-1	-1	-1	-1	-1	-1	-1	-1	-1	-1	-1	-1	-1	-1	-1	-1
281	1026	灯隐闻潮信	花灯隐语活动的称号奖励。解谜超人的象征。	163	3	4320	花灯隐语活动的称号奖励。解谜超人的象征。	1	花灯隐语活动中，完成活动任务9次领取的称号	0	106	0	1	-1	-1	-1	-1	-1	-1	-1	-1	-1	-1	-1	-1	-1	-1	-1	-1	-1	-1	-1	-1	-1	-1	-1	-1	-1	-1	-1	-1	-1
282	1027	青丘访云者	叩岩问泉，访云山中。	164	1	-1	叩岩问泉，访云山中。	1	使用10枚青丘佩进行兑换可以获得	0	106	0	1	6	5	9	5	12	5	15	5	-1	-1	-1	-1	-1	-1	-1	-1	-1	-1	-1	-1	-1	-1	-1	-1	-1	-1	-1	-1	-1
283	1027	青丘沐风客	群山踏遍，高台沐风。	164	2	-1	群山踏遍，高台沐风。	1	使用30枚青丘佩进行兑换可以获得	0	106	0	1	6	10	9	10	12	10	15	10	-1	-1	-1	-1	-1	-1	-1	-1	-1	-1	-1	-1	-1	-1	-1	-1	-1	-1	-1	-1	-1
284	1027	青丘饮霞卿	拢手为樽，饮霞大醉。	164	3	-1	拢手为樽，饮霞大醉。	1	使用90枚青丘佩进行兑换可以获得	0	106	0	1	6	15	9	15	12	15	15	15	-1	-1	-1	-1	-1	-1	-1	-1	-1	-1	-1	-1	-1	-1	-1	-1	-1	-1	-1	-1	-1
285	1027	青丘醉梦仙	且醉且歌，恍然如梦。	164	4	-1	且醉且歌，恍然如梦。	1	使用180枚青丘佩进行兑换可以获得	0	106	0	1	6	20	9	20	12	20	15	20	-1	-1	-1	-1	-1	-1	-1	-1	-1	-1	-1	-1	-1	-1	-1	-1	-1	-1	-1	-1	-1
286	1027	青丘远尘尊	远尘淡墨，倏忽山海。	164	5	-1	远尘淡墨，倏忽山海。	1	使用300枚青丘佩进行兑换可以获得	0	106	0	1	6	30	9	30	12	30	15	30	-1	-1	-1	-1	-1	-1	-1	-1	-1	-1	-1	-1	-1	-1	-1	-1	-1	-1	-1	-1	-1
287	1028	少林第一人	少林外门，问鼎师门。	165	1	336	冠绝师门・问鼎中获得第1名的少侠，可获得此称号。	1	冠绝师门・问鼎中获得第1名的少侠，可获得此称号。	0	106	35	1	0	4000	-1	-1	-1	-1	-1	-1	-1	-1	-1	-1	-1	-1	-1	-1	-1	-1	-1	-1	-1	-1	-1	-1	-1	-1	-1	-1	-1
288	1028	少林入室第一人	少林入室，问鼎师门。	165	2	336	冠绝师门・问鼎中获得第1名的少侠，可获得此称号。	1	冠绝师门・问鼎中获得第1名的少侠，可获得此称号。	0	106	35	0	-1	-1	-1	-1	-1	-1	-1	-1	-1	-1	-1	-1	-1	-1	-1	-1	-1	-1	-1	-1	-1	-1	-1	-1	-1	-1	-1	-1	-1
289	1028	少林亲传第一人	少林亲传，问鼎师门。	165	3	336	冠绝师门・问鼎中获得第1名的少侠，可获得此称号。	1	冠绝师门・问鼎中获得第1名的少侠，可获得此称号。	0	106	35	0	-1	-1	-1	-1	-1	-1	-1	-1	-1	-1	-1	-1	-1	-1	-1	-1	-1	-1	-1	-1	-1	-1	-1	-1	-1	-1	-1	-1	-1
290	1028	武当第一人	武当外门，问鼎师门。	165	1	336	冠绝师门・问鼎中获得第1名的少侠，可获得此称号。	1	冠绝师门・问鼎中获得第1名的少侠，可获得此称号。	0	106	35	1	0	4000	-1	-1	-1	-1	-1	-1	-1	-1	-1	-1	-1	-1	-1	-1	-1	-1	-1	-1	-1	-1	-1	-1	-1	-1	-1	-1	-1
291	1028	武当入室第一人	武当入室，问鼎师门。	165	2	336	冠绝师门・问鼎中获得第1名的少侠，可获得此称号。	1	冠绝师门・问鼎中获得第1名的少侠，可获得此称号。	0	106	35	0	-1	-1	-1	-1	-1	-1	-1	-1	-1	-1	-1	-1	-1	-1	-1	-1	-1	-1	-1	-1	-1	-1	-1	-1	-1	-1	-1	-1	-1
292	1028	武当亲传第一人	武当亲传，问鼎师门。	165	3	336	冠绝师门・问鼎中获得第1名的少侠，可获得此称号。	1	冠绝师门・问鼎中获得第1名的少侠，可获得此称号。	0	106	35	0	-1	-1	-1	-1	-1	-1	-1	-1	-1	-1	-1	-1	-1	-1	-1	-1	-1	-1	-1	-1	-1	-1	-1	-1	-1	-1	-1	-1	-1
293	1028	峨嵋第一人	峨嵋外门，问鼎师门。	165	1	336	冠绝师门・问鼎中获得第1名的少侠，可获得此称号。	1	冠绝师门・问鼎中获得第1名的少侠，可获得此称号。	0	106	35	1	0	4000	-1	-1	-1	-1	-1	-1	-1	-1	-1	-1	-1	-1	-1	-1	-1	-1	-1	-1	-1	-1	-1	-1	-1	-1	-1	-1	-1
294	1028	峨嵋入室第一人	峨嵋入室，问鼎师门。	165	2	336	冠绝师门・问鼎中获得第1名的少侠，可获得此称号。	1	冠绝师门・问鼎中获得第1名的少侠，可获得此称号。	0	106	35	0	-1	-1	-1	-1	-1	-1	-1	-1	-1	-1	-1	-1	-1	-1	-1	-1	-1	-1	-1	-1	-1	-1	-1	-1	-1	-1	-1	-1	-1
295	1028	峨嵋亲传第一人	峨嵋亲传，问鼎师门。	165	3	336	冠绝师门・问鼎中获得第1名的少侠，可获得此称号。	1	冠绝师门・问鼎中获得第1名的少侠，可获得此称号。	0	106	35	0	-1	-1	-1	-1	-1	-1	-1	-1	-1	-1	-1	-1	-1	-1	-1	-1	-1	-1	-1	-1	-1	-1	-1	-1	-1	-1	-1	-1	-1
296	1028	星宿第一人	星宿外门，问鼎师门。	165	1	336	冠绝师门・问鼎中获得第1名的少侠，可获得此称号。	1	冠绝师门・问鼎中获得第1名的少侠，可获得此称号。	0	106	35	1	0	4000	-1	-1	-1	-1	-1	-1	-1	-1	-1	-1	-1	-1	-1	-1	-1	-1	-1	-1	-1	-1	-1	-1	-1	-1	-1	-1	-1
297	1028	星宿入室第一人	星宿入室，问鼎师门。	165	2	336	冠绝师门・问鼎中获得第1名的少侠，可获得此称号。	1	冠绝师门・问鼎中获得第1名的少侠，可获得此称号。	0	106	35	0	-1	-1	-1	-1	-1	-1	-1	-1	-1	-1	-1	-1	-1	-1	-1	-1	-1	-1	-1	-1	-1	-1	-1	-1	-1	-1	-1	-1	-1
298	1028	星宿亲传第一人	星宿亲传，问鼎师门。	165	3	336	冠绝师门・问鼎中获得第1名的少侠，可获得此称号。	1	冠绝师门・问鼎中获得第1名的少侠，可获得此称号。	0	106	35	0	-1	-1	-1	-1	-1	-1	-1	-1	-1	-1	-1	-1	-1	-1	-1	-1	-1	-1	-1	-1	-1	-1	-1	-1	-1	-1	-1	-1	-1
299	1028	明教第一人	明教外门，问鼎师门。	165	1	336	冠绝师门・问鼎中获得第1名的少侠，可获得此称号。	1	冠绝师门・问鼎中获得第1名的少侠，可获得此称号。	0	106	35	1	0	4000	-1	-1	-1	-1	-1	-1	-1	-1	-1	-1	-1	-1	-1	-1	-1	-1	-1	-1	-1	-1	-1	-1	-1	-1	-1	-1	-1
300	1028	明教入室第一人	明教入室，问鼎师门。	165	2	336	冠绝师门・问鼎中获得第1名的少侠，可获得此称号。	1	冠绝师门・问鼎中获得第1名的少侠，可获得此称号。	0	106	35	0	-1	-1	-1	-1	-1	-1	-1	-1	-1	-1	-1	-1	-1	-1	-1	-1	-1	-1	-1	-1	-1	-1	-1	-1	-1	-1	-1	-1	-1
301	1028	明教亲传第一人	明教亲传，问鼎师门。	165	3	336	冠绝师门・问鼎中获得第1名的少侠，可获得此称号。	1	冠绝师门・问鼎中获得第1名的少侠，可获得此称号。	0	106	35	0	-1	-1	-1	-1	-1	-1	-1	-1	-1	-1	-1	-1	-1	-1	-1	-1	-1	-1	-1	-1	-1	-1	-1	-1	-1	-1	-1	-1	-1
302	1028	天龙第一人	天龙外门，问鼎师门。	165	1	336	冠绝师门・问鼎中获得第1名的少侠，可获得此称号。	1	冠绝师门・问鼎中获得第1名的少侠，可获得此称号。	0	106	35	1	0	4000	-1	-1	-1	-1	-1	-1	-1	-1	-1	-1	-1	-1	-1	-1	-1	-1	-1	-1	-1	-1	-1	-1	-1	-1	-1	-1	-1
303	1028	天龙入室第一人	天龙入室，问鼎师门。	165	2	336	冠绝师门・问鼎中获得第1名的少侠，可获得此称号。	1	冠绝师门・问鼎中获得第1名的少侠，可获得此称号。	0	106	35	0	-1	-1	-1	-1	-1	-1	-1	-1	-1	-1	-1	-1	-1	-1	-1	-1	-1	-1	-1	-1	-1	-1	-1	-1	-1	-1	-1	-1	-1
304	1028	天龙亲传第一人	天龙亲传，问鼎师门。	165	3	336	冠绝师门・问鼎中获得第1名的少侠，可获得此称号。	1	冠绝师门・问鼎中获得第1名的少侠，可获得此称号。	0	106	35	0	-1	-1	-1	-1	-1	-1	-1	-1	-1	-1	-1	-1	-1	-1	-1	-1	-1	-1	-1	-1	-1	-1	-1	-1	-1	-1	-1	-1	-1
305	1028	逍遥第一人	逍遥外门，问鼎师门。	165	1	336	冠绝师门・问鼎中获得第1名的少侠，可获得此称号。	1	冠绝师门・问鼎中获得第1名的少侠，可获得此称号。	0	106	35	1	0	4000	-1	-1	-1	-1	-1	-1	-1	-1	-1	-1	-1	-1	-1	-1	-1	-1	-1	-1	-1	-1	-1	-1	-1	-1	-1	-1	-1
306	1028	逍遥入室第一人	逍遥入室，问鼎师门。	165	2	336	冠绝师门・问鼎中获得第1名的少侠，可获得此称号。	1	冠绝师门・问鼎中获得第1名的少侠，可获得此称号。	0	106	35	0	-1	-1	-1	-1	-1	-1	-1	-1	-1	-1	-1	-1	-1	-1	-1	-1	-1	-1	-1	-1	-1	-1	-1	-1	-1	-1	-1	-1	-1
307	1028	逍遥亲传第一人	逍遥亲传，问鼎师门。	165	3	336	冠绝师门・问鼎中获得第1名的少侠，可获得此称号。	1	冠绝师门・问鼎中获得第1名的少侠，可获得此称号。	0	106	35	0	-1	-1	-1	-1	-1	-1	-1	-1	-1	-1	-1	-1	-1	-1	-1	-1	-1	-1	-1	-1	-1	-1	-1	-1	-1	-1	-1	-1	-1
308	1028	丐帮第一人	丐帮外门，问鼎师门。	165	1	336	冠绝师门・问鼎中获得第1名的少侠，可获得此称号。	1	冠绝师门・问鼎中获得第1名的少侠，可获得此称号。	0	106	35	1	0	4000	-1	-1	-1	-1	-1	-1	-1	-1	-1	-1	-1	-1	-1	-1	-1	-1	-1	-1	-1	-1	-1	-1	-1	-1	-1	-1	-1
309	1028	丐帮入室第一人	丐帮入室，问鼎师门。	165	2	336	冠绝师门・问鼎中获得第1名的少侠，可获得此称号。	1	冠绝师门・问鼎中获得第1名的少侠，可获得此称号。	0	106	35	0	-1	-1	-1	-1	-1	-1	-1	-1	-1	-1	-1	-1	-1	-1	-1	-1	-1	-1	-1	-1	-1	-1	-1	-1	-1	-1	-1	-1	-1
310	1028	丐帮亲传第一人	丐帮亲传，问鼎师门。	165	3	336	冠绝师门・问鼎中获得第1名的少侠，可获得此称号。	1	冠绝师门・问鼎中获得第1名的少侠，可获得此称号。	0	106	35	0	-1	-1	-1	-1	-1	-1	-1	-1	-1	-1	-1	-1	-1	-1	-1	-1	-1	-1	-1	-1	-1	-1	-1	-1	-1	-1	-1	-1	-1
311	1028	天山第一人	天山外门，问鼎师门。	165	1	336	冠绝师门・问鼎中获得第1名的少侠，可获得此称号。	1	冠绝师门・问鼎中获得第1名的少侠，可获得此称号。	0	106	35	1	0	4000	-1	-1	-1	-1	-1	-1	-1	-1	-1	-1	-1	-1	-1	-1	-1	-1	-1	-1	-1	-1	-1	-1	-1	-1	-1	-1	-1
312	1028	天山入室第一人	天山入室，问鼎师门。	165	2	336	冠绝师门・问鼎中获得第1名的少侠，可获得此称号。	1	冠绝师门・问鼎中获得第1名的少侠，可获得此称号。	0	106	35	0	-1	-1	-1	-1	-1	-1	-1	-1	-1	-1	-1	-1	-1	-1	-1	-1	-1	-1	-1	-1	-1	-1	-1	-1	-1	-1	-1	-1	-1
313	1028	天山亲传第一人	天山亲传，问鼎师门。	165	3	336	冠绝师门・问鼎中获得第1名的少侠，可获得此称号。	1	冠绝师门・问鼎中获得第1名的少侠，可获得此称号。	0	106	35	0	-1	-1	-1	-1	-1	-1	-1	-1	-1	-1	-1	-1	-1	-1	-1	-1	-1	-1	-1	-1	-1	-1	-1	-1	-1	-1	-1	-1	-1
314	1028	少林凌云者	少林外门，凌云显锋。	165	1	336	冠绝师门・问鼎中获得第2名的少侠，可获得此称号。	1	冠绝师门・问鼎中获得第2名的少侠，可获得此称号。	0	106	36	1	0	3000	-1	-1	-1	-1	-1	-1	-1	-1	-1	-1	-1	-1	-1	-1	-1	-1	-1	-1	-1	-1	-1	-1	-1	-1	-1	-1	-1
315	1028	少林入室凌云者	少林入室，凌云显锋。	165	2	336	冠绝师门・问鼎中获得第2名的少侠，可获得此称号。	1	冠绝师门・问鼎中获得第2名的少侠，可获得此称号。	0	106	36	0	-1	-1	-1	-1	-1	-1	-1	-1	-1	-1	-1	-1	-1	-1	-1	-1	-1	-1	-1	-1	-1	-1	-1	-1	-1	-1	-1	-1	-1
316	1028	少林亲传凌云者	少林亲传，凌云显锋。	165	3	336	冠绝师门・问鼎中获得第2名的少侠，可获得此称号。	1	冠绝师门・问鼎中获得第2名的少侠，可获得此称号。	0	106	36	0	-1	-1	-1	-1	-1	-1	-1	-1	-1	-1	-1	-1	-1	-1	-1	-1	-1	-1	-1	-1	-1	-1	-1	-1	-1	-1	-1	-1	-1
317	1028	武当凌云者	武当外门，凌云显锋。	165	1	336	冠绝师门・问鼎中获得第2名的少侠，可获得此称号。	1	冠绝师门・问鼎中获得第2名的少侠，可获得此称号。	0	106	36	1	0	3000	-1	-1	-1	-1	-1	-1	-1	-1	-1	-1	-1	-1	-1	-1	-1	-1	-1	-1	-1	-1	-1	-1	-1	-1	-1	-1	-1
318	1028	武当入室凌云者	武当入室，凌云显锋。	165	2	336	冠绝师门・问鼎中获得第2名的少侠，可获得此称号。	1	冠绝师门・问鼎中获得第2名的少侠，可获得此称号。	0	106	36	0	-1	-1	-1	-1	-1	-1	-1	-1	-1	-1	-1	-1	-1	-1	-1	-1	-1	-1	-1	-1	-1	-1	-1	-1	-1	-1	-1	-1	-1
319	1028	武当亲传凌云者	武当亲传，凌云显锋。	165	3	336	冠绝师门・问鼎中获得第2名的少侠，可获得此称号。	1	冠绝师门・问鼎中获得第2名的少侠，可获得此称号。	0	106	36	0	-1	-1	-1	-1	-1	-1	-1	-1	-1	-1	-1	-1	-1	-1	-1	-1	-1	-1	-1	-1	-1	-1	-1	-1	-1	-1	-1	-1	-1
320	1028	峨嵋凌云者	峨嵋外门，凌云显锋。	165	1	336	冠绝师门・问鼎中获得第2名的少侠，可获得此称号。	1	冠绝师门・问鼎中获得第2名的少侠，可获得此称号。	0	106	36	1	0	3000	-1	-1	-1	-1	-1	-1	-1	-1	-1	-1	-1	-1	-1	-1	-1	-1	-1	-1	-1	-1	-1	-1	-1	-1	-1	-1	-1
321	1028	峨嵋入室凌云者	峨嵋入室，凌云显锋。	165	2	336	冠绝师门・问鼎中获得第2名的少侠，可获得此称号。	1	冠绝师门・问鼎中获得第2名的少侠，可获得此称号。	0	106	36	0	-1	-1	-1	-1	-1	-1	-1	-1	-1	-1	-1	-1	-1	-1	-1	-1	-1	-1	-1	-1	-1	-1	-1	-1	-1	-1	-1	-1	-1
322	1028	峨嵋亲传凌云者	峨嵋亲传，凌云显锋。	165	3	336	冠绝师门・问鼎中获得第2名的少侠，可获得此称号。	1	冠绝师门・问鼎中获得第2名的少侠，可获得此称号。	0	106	36	0	-1	-1	-1	-1	-1	-1	-1	-1	-1	-1	-1	-1	-1	-1	-1	-1	-1	-1	-1	-1	-1	-1	-1	-1	-1	-1	-1	-1	-1
323	1028	星宿凌云者	星宿外门，凌云显锋。	165	1	336	冠绝师门・问鼎中获得第2名的少侠，可获得此称号。	1	冠绝师门・问鼎中获得第2名的少侠，可获得此称号。	0	106	36	1	0	3000	-1	-1	-1	-1	-1	-1	-1	-1	-1	-1	-1	-1	-1	-1	-1	-1	-1	-1	-1	-1	-1	-1	-1	-1	-1	-1	-1
324	1028	星宿入室凌云者	星宿入室，凌云显锋。	165	2	336	冠绝师门・问鼎中获得第2名的少侠，可获得此称号。	1	冠绝师门・问鼎中获得第2名的少侠，可获得此称号。	0	106	36	0	-1	-1	-1	-1	-1	-1	-1	-1	-1	-1	-1	-1	-1	-1	-1	-1	-1	-1	-1	-1	-1	-1	-1	-1	-1	-1	-1	-1	-1
325	1028	星宿亲传凌云者	星宿亲传，凌云显锋。	165	3	336	冠绝师门・问鼎中获得第2名的少侠，可获得此称号。	1	冠绝师门・问鼎中获得第2名的少侠，可获得此称号。	0	106	36	0	-1	-1	-1	-1	-1	-1	-1	-1	-1	-1	-1	-1	-1	-1	-1	-1	-1	-1	-1	-1	-1	-1	-1	-1	-1	-1	-1	-1	-1
326	1028	明教凌云者	明教外门，凌云显锋。	165	1	336	冠绝师门・问鼎中获得第2名的少侠，可获得此称号。	1	冠绝师门・问鼎中获得第2名的少侠，可获得此称号。	0	106	36	1	0	3000	-1	-1	-1	-1	-1	-1	-1	-1	-1	-1	-1	-1	-1	-1	-1	-1	-1	-1	-1	-1	-1	-1	-1	-1	-1	-1	-1
327	1028	明教入室凌云者	明教入室，凌云显锋。	165	2	336	冠绝师门・问鼎中获得第2名的少侠，可获得此称号。	1	冠绝师门・问鼎中获得第2名的少侠，可获得此称号。	0	106	36	0	-1	-1	-1	-1	-1	-1	-1	-1	-1	-1	-1	-1	-1	-1	-1	-1	-1	-1	-1	-1	-1	-1	-1	-1	-1	-1	-1	-1	-1
328	1028	明教亲传凌云者	明教亲传，凌云显锋。	165	3	336	冠绝师门・问鼎中获得第2名的少侠，可获得此称号。	1	冠绝师门・问鼎中获得第2名的少侠，可获得此称号。	0	106	36	0	-1	-1	-1	-1	-1	-1	-1	-1	-1	-1	-1	-1	-1	-1	-1	-1	-1	-1	-1	-1	-1	-1	-1	-1	-1	-1	-1	-1	-1
329	1028	天龙凌云者	天龙外门，凌云显锋。	165	1	336	冠绝师门・问鼎中获得第2名的少侠，可获得此称号。	1	冠绝师门・问鼎中获得第2名的少侠，可获得此称号。	0	106	36	1	0	3000	-1	-1	-1	-1	-1	-1	-1	-1	-1	-1	-1	-1	-1	-1	-1	-1	-1	-1	-1	-1	-1	-1	-1	-1	-1	-1	-1
330	1028	天龙入室凌云者	天龙入室，凌云显锋。	165	2	336	冠绝师门・问鼎中获得第2名的少侠，可获得此称号。	1	冠绝师门・问鼎中获得第2名的少侠，可获得此称号。	0	106	36	0	-1	-1	-1	-1	-1	-1	-1	-1	-1	-1	-1	-1	-1	-1	-1	-1	-1	-1	-1	-1	-1	-1	-1	-1	-1	-1	-1	-1	-1
331	1028	天龙亲传凌云者	天龙亲传，凌云显锋。	165	3	336	冠绝师门・问鼎中获得第2名的少侠，可获得此称号。	1	冠绝师门・问鼎中获得第2名的少侠，可获得此称号。	0	106	36	0	-1	-1	-1	-1	-1	-1	-1	-1	-1	-1	-1	-1	-1	-1	-1	-1	-1	-1	-1	-1	-1	-1	-1	-1	-1	-1	-1	-1	-1
332	1028	逍遥凌云者	逍遥外门，凌云显锋。	165	1	336	冠绝师门・问鼎中获得第2名的少侠，可获得此称号。	1	冠绝师门・问鼎中获得第2名的少侠，可获得此称号。	0	106	36	1	0	3000	-1	-1	-1	-1	-1	-1	-1	-1	-1	-1	-1	-1	-1	-1	-1	-1	-1	-1	-1	-1	-1	-1	-1	-1	-1	-1	-1
333	1028	逍遥入室凌云者	逍遥入室，凌云显锋。	165	2	336	冠绝师门・问鼎中获得第2名的少侠，可获得此称号。	1	冠绝师门・问鼎中获得第2名的少侠，可获得此称号。	0	106	36	0	-1	-1	-1	-1	-1	-1	-1	-1	-1	-1	-1	-1	-1	-1	-1	-1	-1	-1	-1	-1	-1	-1	-1	-1	-1	-1	-1	-1	-1
334	1028	逍遥亲传凌云者	逍遥亲传，凌云显锋。	165	3	336	冠绝师门・问鼎中获得第2名的少侠，可获得此称号。	1	冠绝师门・问鼎中获得第2名的少侠，可获得此称号。	0	106	36	0	-1	-1	-1	-1	-1	-1	-1	-1	-1	-1	-1	-1	-1	-1	-1	-1	-1	-1	-1	-1	-1	-1	-1	-1	-1	-1	-1	-1	-1
335	1028	丐帮凌云者	丐帮外门，凌云显锋。	165	1	336	冠绝师门・问鼎中获得第2名的少侠，可获得此称号。	1	冠绝师门・问鼎中获得第2名的少侠，可获得此称号。	0	106	36	1	0	3000	-1	-1	-1	-1	-1	-1	-1	-1	-1	-1	-1	-1	-1	-1	-1	-1	-1	-1	-1	-1	-1	-1	-1	-1	-1	-1	-1
336	1028	丐帮入室凌云者	丐帮入室，凌云显锋。	165	2	336	冠绝师门・问鼎中获得第2名的少侠，可获得此称号。	1	冠绝师门・问鼎中获得第2名的少侠，可获得此称号。	0	106	36	0	-1	-1	-1	-1	-1	-1	-1	-1	-1	-1	-1	-1	-1	-1	-1	-1	-1	-1	-1	-1	-1	-1	-1	-1	-1	-1	-1	-1	-1
337	1028	丐帮亲传凌云者	丐帮亲传，凌云显锋。	165	3	336	冠绝师门・问鼎中获得第2名的少侠，可获得此称号。	1	冠绝师门・问鼎中获得第2名的少侠，可获得此称号。	0	106	36	0	-1	-1	-1	-1	-1	-1	-1	-1	-1	-1	-1	-1	-1	-1	-1	-1	-1	-1	-1	-1	-1	-1	-1	-1	-1	-1	-1	-1	-1
338	1028	天山凌云者	天山外门，凌云显锋。	165	1	336	冠绝师门・问鼎中获得第2名的少侠，可获得此称号。	1	冠绝师门・问鼎中获得第2名的少侠，可获得此称号。	0	106	36	1	0	3000	-1	-1	-1	-1	-1	-1	-1	-1	-1	-1	-1	-1	-1	-1	-1	-1	-1	-1	-1	-1	-1	-1	-1	-1	-1	-1	-1
339	1028	天山入室凌云者	天山入室，凌云显锋。	165	2	336	冠绝师门・问鼎中获得第2名的少侠，可获得此称号。	1	冠绝师门・问鼎中获得第2名的少侠，可获得此称号。	0	106	36	0	-1	-1	-1	-1	-1	-1	-1	-1	-1	-1	-1	-1	-1	-1	-1	-1	-1	-1	-1	-1	-1	-1	-1	-1	-1	-1	-1	-1	-1
340	1028	天山亲传凌云者	天山亲传，凌云显锋。	165	3	336	冠绝师门・问鼎中获得第2名的少侠，可获得此称号。	1	冠绝师门・问鼎中获得第2名的少侠，可获得此称号。	0	106	36	0	-1	-1	-1	-1	-1	-1	-1	-1	-1	-1	-1	-1	-1	-1	-1	-1	-1	-1	-1	-1	-1	-1	-1	-1	-1	-1	-1	-1	-1
341	1028	少林登峰者	少林外门，登峰豪志。	165	1	336	冠绝师门・问鼎中获得4强的少侠，可获得此称号。	1	冠绝师门・问鼎中获得4强的少侠，可获得此称号。	0	106	37	1	0	2500	-1	-1	-1	-1	-1	-1	-1	-1	-1	-1	-1	-1	-1	-1	-1	-1	-1	-1	-1	-1	-1	-1	-1	-1	-1	-1	-1
342	1028	少林入室登峰者	少林入室，登峰豪志。	165	2	336	冠绝师门・问鼎中获得4强的少侠，可获得此称号。	1	冠绝师门・问鼎中获得4强的少侠，可获得此称号。	0	106	37	0	-1	-1	-1	-1	-1	-1	-1	-1	-1	-1	-1	-1	-1	-1	-1	-1	-1	-1	-1	-1	-1	-1	-1	-1	-1	-1	-1	-1	-1
343	1028	少林亲传登峰者	少林亲传，登峰豪志。	165	3	336	冠绝师门・问鼎中获得4强的少侠，可获得此称号。	1	冠绝师门・问鼎中获得4强的少侠，可获得此称号。	0	106	37	0	-1	-1	-1	-1	-1	-1	-1	-1	-1	-1	-1	-1	-1	-1	-1	-1	-1	-1	-1	-1	-1	-1	-1	-1	-1	-1	-1	-1	-1
344	1028	武当登峰者	武当外门，登峰豪志。	165	1	336	冠绝师门・问鼎中获得4强的少侠，可获得此称号。	1	冠绝师门・问鼎中获得4强的少侠，可获得此称号。	0	106	37	1	0	2500	-1	-1	-1	-1	-1	-1	-1	-1	-1	-1	-1	-1	-1	-1	-1	-1	-1	-1	-1	-1	-1	-1	-1	-1	-1	-1	-1
345	1028	武当入室登峰者	武当入室，登峰豪志。	165	2	336	冠绝师门・问鼎中获得4强的少侠，可获得此称号。	1	冠绝师门・问鼎中获得4强的少侠，可获得此称号。	0	106	37	0	-1	-1	-1	-1	-1	-1	-1	-1	-1	-1	-1	-1	-1	-1	-1	-1	-1	-1	-1	-1	-1	-1	-1	-1	-1	-1	-1	-1	-1
346	1028	武当亲传登峰者	武当亲传，登峰豪志。	165	3	336	冠绝师门・问鼎中获得4强的少侠，可获得此称号。	1	冠绝师门・问鼎中获得4强的少侠，可获得此称号。	0	106	37	0	-1	-1	-1	-1	-1	-1	-1	-1	-1	-1	-1	-1	-1	-1	-1	-1	-1	-1	-1	-1	-1	-1	-1	-1	-1	-1	-1	-1	-1
347	1028	峨嵋登峰者	峨嵋外门，登峰豪志。	165	1	336	冠绝师门・问鼎中获得4强的少侠，可获得此称号。	1	冠绝师门・问鼎中获得4强的少侠，可获得此称号。	0	106	37	1	0	2500	-1	-1	-1	-1	-1	-1	-1	-1	-1	-1	-1	-1	-1	-1	-1	-1	-1	-1	-1	-1	-1	-1	-1	-1	-1	-1	-1
348	1028	峨嵋入室登峰者	峨嵋入室，登峰豪志。	165	2	336	冠绝师门・问鼎中获得4强的少侠，可获得此称号。	1	冠绝师门・问鼎中获得4强的少侠，可获得此称号。	0	106	37	0	-1	-1	-1	-1	-1	-1	-1	-1	-1	-1	-1	-1	-1	-1	-1	-1	-1	-1	-1	-1	-1	-1	-1	-1	-1	-1	-1	-1	-1
349	1028	峨嵋亲传登峰者	峨嵋亲传，登峰豪志。	165	3	336	冠绝师门・问鼎中获得4强的少侠，可获得此称号。	1	冠绝师门・问鼎中获得4强的少侠，可获得此称号。	0	106	37	0	-1	-1	-1	-1	-1	-1	-1	-1	-1	-1	-1	-1	-1	-1	-1	-1	-1	-1	-1	-1	-1	-1	-1	-1	-1	-1	-1	-1	-1
350	1028	星宿登峰者	星宿外门，登峰豪志。	165	1	336	冠绝师门・问鼎中获得4强的少侠，可获得此称号。	1	冠绝师门・问鼎中获得4强的少侠，可获得此称号。	0	106	37	1	0	2500	-1	-1	-1	-1	-1	-1	-1	-1	-1	-1	-1	-1	-1	-1	-1	-1	-1	-1	-1	-1	-1	-1	-1	-1	-1	-1	-1
351	1028	星宿入室登峰者	星宿入室，登峰豪志。	165	2	336	冠绝师门・问鼎中获得4强的少侠，可获得此称号。	1	冠绝师门・问鼎中获得4强的少侠，可获得此称号。	0	106	37	0	-1	-1	-1	-1	-1	-1	-1	-1	-1	-1	-1	-1	-1	-1	-1	-1	-1	-1	-1	-1	-1	-1	-1	-1	-1	-1	-1	-1	-1
352	1028	星宿亲传登峰者	星宿亲传，登峰豪志。	165	3	336	冠绝师门・问鼎中获得4强的少侠，可获得此称号。	1	冠绝师门・问鼎中获得4强的少侠，可获得此称号。	0	106	37	0	-1	-1	-1	-1	-1	-1	-1	-1	-1	-1	-1	-1	-1	-1	-1	-1	-1	-1	-1	-1	-1	-1	-1	-1	-1	-1	-1	-1	-1
353	1028	明教登峰者	明教外门，登峰豪志。	165	1	336	冠绝师门・问鼎中获得4强的少侠，可获得此称号。	1	冠绝师门・问鼎中获得4强的少侠，可获得此称号。	0	106	37	1	0	2500	-1	-1	-1	-1	-1	-1	-1	-1	-1	-1	-1	-1	-1	-1	-1	-1	-1	-1	-1	-1	-1	-1	-1	-1	-1	-1	-1
354	1028	明教入室登峰者	明教入室，登峰豪志。	165	2	336	冠绝师门・问鼎中获得4强的少侠，可获得此称号。	1	冠绝师门・问鼎中获得4强的少侠，可获得此称号。	0	106	37	0	-1	-1	-1	-1	-1	-1	-1	-1	-1	-1	-1	-1	-1	-1	-1	-1	-1	-1	-1	-1	-1	-1	-1	-1	-1	-1	-1	-1	-1
355	1028	明教亲传登峰者	明教亲传，登峰豪志。	165	3	336	冠绝师门・问鼎中获得4强的少侠，可获得此称号。	1	冠绝师门・问鼎中获得4强的少侠，可获得此称号。	0	106	37	0	-1	-1	-1	-1	-1	-1	-1	-1	-1	-1	-1	-1	-1	-1	-1	-1	-1	-1	-1	-1	-1	-1	-1	-1	-1	-1	-1	-1	-1
356	1028	天龙登峰者	天龙外门，登峰豪志。	165	1	336	冠绝师门・问鼎中获得4强的少侠，可获得此称号。	1	冠绝师门・问鼎中获得4强的少侠，可获得此称号。	0	106	37	1	0	2500	-1	-1	-1	-1	-1	-1	-1	-1	-1	-1	-1	-1	-1	-1	-1	-1	-1	-1	-1	-1	-1	-1	-1	-1	-1	-1	-1
357	1028	天龙入室登峰者	天龙入室，登峰豪志。	165	2	336	冠绝师门・问鼎中获得4强的少侠，可获得此称号。	1	冠绝师门・问鼎中获得4强的少侠，可获得此称号。	0	106	37	0	-1	-1	-1	-1	-1	-1	-1	-1	-1	-1	-1	-1	-1	-1	-1	-1	-1	-1	-1	-1	-1	-1	-1	-1	-1	-1	-1	-1	-1
358	1028	天龙亲传登峰者	天龙亲传，登峰豪志。	165	3	336	冠绝师门・问鼎中获得4强的少侠，可获得此称号。	1	冠绝师门・问鼎中获得4强的少侠，可获得此称号。	0	106	37	0	-1	-1	-1	-1	-1	-1	-1	-1	-1	-1	-1	-1	-1	-1	-1	-1	-1	-1	-1	-1	-1	-1	-1	-1	-1	-1	-1	-1	-1
359	1028	逍遥登峰者	逍遥外门，登峰豪志。	165	1	336	冠绝师门・问鼎中获得4强的少侠，可获得此称号。	1	冠绝师门・问鼎中获得4强的少侠，可获得此称号。	0	106	37	1	0	2500	-1	-1	-1	-1	-1	-1	-1	-1	-1	-1	-1	-1	-1	-1	-1	-1	-1	-1	-1	-1	-1	-1	-1	-1	-1	-1	-1
360	1028	逍遥入室登峰者	逍遥入室，登峰豪志。	165	2	336	冠绝师门・问鼎中获得4强的少侠，可获得此称号。	1	冠绝师门・问鼎中获得4强的少侠，可获得此称号。	0	106	37	0	-1	-1	-1	-1	-1	-1	-1	-1	-1	-1	-1	-1	-1	-1	-1	-1	-1	-1	-1	-1	-1	-1	-1	-1	-1	-1	-1	-1	-1
361	1028	逍遥亲传登峰者	逍遥亲传，登峰豪志。	165	3	336	冠绝师门・问鼎中获得4强的少侠，可获得此称号。	1	冠绝师门・问鼎中获得4强的少侠，可获得此称号。	0	106	37	0	-1	-1	-1	-1	-1	-1	-1	-1	-1	-1	-1	-1	-1	-1	-1	-1	-1	-1	-1	-1	-1	-1	-1	-1	-1	-1	-1	-1	-1
362	1028	丐帮登峰者	丐帮外门，登峰豪志。	165	1	336	冠绝师门・问鼎中获得4强的少侠，可获得此称号。	1	冠绝师门・问鼎中获得4强的少侠，可获得此称号。	0	106	37	1	0	2500	-1	-1	-1	-1	-1	-1	-1	-1	-1	-1	-1	-1	-1	-1	-1	-1	-1	-1	-1	-1	-1	-1	-1	-1	-1	-1	-1
363	1028	丐帮入室登峰者	丐帮入室，登峰豪志。	165	2	336	冠绝师门・问鼎中获得4强的少侠，可获得此称号。	1	冠绝师门・问鼎中获得4强的少侠，可获得此称号。	0	106	37	0	-1	-1	-1	-1	-1	-1	-1	-1	-1	-1	-1	-1	-1	-1	-1	-1	-1	-1	-1	-1	-1	-1	-1	-1	-1	-1	-1	-1	-1
364	1028	丐帮亲传登峰者	丐帮亲传，登峰豪志。	165	3	336	冠绝师门・问鼎中获得4强的少侠，可获得此称号。	1	冠绝师门・问鼎中获得4强的少侠，可获得此称号。	0	106	37	0	-1	-1	-1	-1	-1	-1	-1	-1	-1	-1	-1	-1	-1	-1	-1	-1	-1	-1	-1	-1	-1	-1	-1	-1	-1	-1	-1	-1	-1
365	1028	天山登峰者	天山外门，登峰豪志。	165	1	336	冠绝师门・问鼎中获得4强的少侠，可获得此称号。	1	冠绝师门・问鼎中获得4强的少侠，可获得此称号。	0	106	37	1	0	2500	-1	-1	-1	-1	-1	-1	-1	-1	-1	-1	-1	-1	-1	-1	-1	-1	-1	-1	-1	-1	-1	-1	-1	-1	-1	-1	-1
366	1028	天山入室登峰者	天山入室，登峰豪志。	165	2	336	冠绝师门・问鼎中获得4强的少侠，可获得此称号。	1	冠绝师门・问鼎中获得4强的少侠，可获得此称号。	0	106	37	0	-1	-1	-1	-1	-1	-1	-1	-1	-1	-1	-1	-1	-1	-1	-1	-1	-1	-1	-1	-1	-1	-1	-1	-1	-1	-1	-1	-1	-1
367	1028	天山亲传登峰者	天山亲传，登峰豪志。	165	3	336	冠绝师门・问鼎中获得4强的少侠，可获得此称号。	1	冠绝师门・问鼎中获得4强的少侠，可获得此称号。	0	106	37	0	-1	-1	-1	-1	-1	-1	-1	-1	-1	-1	-1	-1	-1	-1	-1	-1	-1	-1	-1	-1	-1	-1	-1	-1	-1	-1	-1	-1	-1
368	1035	少林大弟子	以武参禅，心外寻佛	174	1	336	冠绝师门・举贤中获得第1名的少侠，可获得此称号。	1	冠军师门・举贤中获第1名的少侠，可获得此称号。	0	106	34	1	-1	-1	-1	-1	-1	-1	-1	-1	-1	-1	-1	-1	-1	-1	-1	-1	-1	-1	-1	-1	-1	-1	-1	-1	-1	-1	-1	-1	-1
369	1035	少林明相大弟子	以武见禅，明心见相	174	2	336	冠绝师门・举贤中获得第1名的少侠，可获得此称号。	1	冠军师门・举贤中获第1名的少侠，可获得此称号。	0	106	34	0	-1	-1	-1	-1	-1	-1	-1	-1	-1	-1	-1	-1	-1	-1	-1	-1	-1	-1	-1	-1	-1	-1	-1	-1	-1	-1	-1	-1	-1
370	1035	少林入禅大弟子	以武入禅，心现佛陀	174	3	336	冠绝师门・举贤中获得第1名的少侠，可获得此称号。	1	冠军师门・举贤中获第1名的少侠，可获得此称号。	0	106	34	0	-1	-1	-1	-1	-1	-1	-1	-1	-1	-1	-1	-1	-1	-1	-1	-1	-1	-1	-1	-1	-1	-1	-1	-1	-1	-1	-1	-1	-1
371	1035	武当大弟子	立人之道，曰仁与义	174	1	336	冠绝师门・举贤中获得第1名的少侠，可获得此称号。	1	冠军师门・举贤中获第1名的少侠，可获得此称号。	0	106	34	1	-1	-1	-1	-1	-1	-1	-1	-1	-1	-1	-1	-1	-1	-1	-1	-1	-1	-1	-1	-1	-1	-1	-1	-1	-1	-1	-1	-1	-1
372	1035	武当地煞大弟子	立地之道，曰柔与刚	174	2	336	冠绝师门・举贤中获得第1名的少侠，可获得此称号。	1	冠军师门・举贤中获第一名的少侠，可获得此称号。	0	106	34	0	-1	-1	-1	-1	-1	-1	-1	-1	-1	-1	-1	-1	-1	-1	-1	-1	-1	-1	-1	-1	-1	-1	-1	-1	-1	-1	-1	-1	-1
373	1035	武当天罡大弟子	立天之道，曰阴与阳	174	3	336	冠绝师门・举贤中获得第1名的少侠，可获得此称号。	1	冠军师门・举贤中获第1名的少侠，可获得此称号。	0	106	34	0	-1	-1	-1	-1	-1	-1	-1	-1	-1	-1	-1	-1	-1	-1	-1	-1	-1	-1	-1	-1	-1	-1	-1	-1	-1	-1	-1	-1	-1
374	1035	峨嵋大弟子	俊俏峨眉，秀峰矗立	174	1	336	冠绝师门・举贤中获得第1名的少侠，可获得此称号。	1	冠军师门・举贤中获第1名的少侠，可获得此称号。	0	106	34	1	-1	-1	-1	-1	-1	-1	-1	-1	-1	-1	-1	-1	-1	-1	-1	-1	-1	-1	-1	-1	-1	-1	-1	-1	-1	-1	-1	-1	-1
375	1035	峨嵋飞霞大弟子	隽永峨眉，飞霞南来	174	2	336	冠绝师门・举贤中获得第1名的少侠，可获得此称号。	1	冠军师门・举贤中获第1名的少侠，可获得此称号。	0	106	34	0	-1	-1	-1	-1	-1	-1	-1	-1	-1	-1	-1	-1	-1	-1	-1	-1	-1	-1	-1	-1	-1	-1	-1	-1	-1	-1	-1	-1	-1
376	1035	峨嵋金顶大弟子	浩然峨眉，金顶佛光	174	3	336	冠绝师门・举贤中获得第1名的少侠，可获得此称号。	1	冠军师门・举贤中获第1名的少侠，可获得此称号。	0	106	34	0	-1	-1	-1	-1	-1	-1	-1	-1	-1	-1	-1	-1	-1	-1	-1	-1	-1	-1	-1	-1	-1	-1	-1	-1	-1	-1	-1	-1	-1
377	1035	星宿大弟子	用毒高手，生灵寂灭	174	1	336	冠绝师门・举贤中获得第1名的少侠，可获得此称号。	1	冠军师门・举贤中获第1名的少侠，可获得此称号。	0	106	34	1	-1	-1	-1	-1	-1	-1	-1	-1	-1	-1	-1	-1	-1	-1	-1	-1	-1	-1	-1	-1	-1	-1	-1	-1	-1	-1	-1	-1	-1
378	1035	星宿枯地大弟子	星宿剧毒，大地荒枯	174	2	336	冠绝师门・举贤中获得第1名的少侠，可获得此称号。	1	冠军师门・举贤中获第1名的少侠，可获得此称号。	0	106	34	0	-1	-1	-1	-1	-1	-1	-1	-1	-1	-1	-1	-1	-1	-1	-1	-1	-1	-1	-1	-1	-1	-1	-1	-1	-1	-1	-1	-1	-1
379	1035	星宿坠天大弟子	五毒俱全，天星陨坠	174	3	336	冠绝师门・举贤中获得第1名的少侠，可获得此称号。	1	冠军师门・举贤中获第1名的少侠，可获得此称号。	0	106	34	0	-1	-1	-1	-1	-1	-1	-1	-1	-1	-1	-1	-1	-1	-1	-1	-1	-1	-1	-1	-1	-1	-1	-1	-1	-1	-1	-1	-1	-1
380	1035	明教大弟子	熊熊烽火，夜中明炬	174	1	336	冠绝师门・举贤中获得第1名的少侠，可获得此称号。	1	冠军师门・举贤中获第1名的少侠，可获得此称号。	0	106	34	1	-1	-1	-1	-1	-1	-1	-1	-1	-1	-1	-1	-1	-1	-1	-1	-1	-1	-1	-1	-1	-1	-1	-1	-1	-1	-1	-1	-1	-1
381	1035	明教烈焰大弟子	连天烈焰，势不可挡	174	2	336	冠绝师门・举贤中获得第1名的少侠，可获得此称号。	1	冠军师门・举贤中获第1名的少侠，可获得此称号。	0	106	34	0	-1	-1	-1	-1	-1	-1	-1	-1	-1	-1	-1	-1	-1	-1	-1	-1	-1	-1	-1	-1	-1	-1	-1	-1	-1	-1	-1	-1	-1
382	1035	明教圣火大弟子	炼世圣火，众生俯首	174	3	336	冠绝师门・举贤中获得第1名的少侠，可获得此称号。	1	冠军师门・举贤中获第1名的少侠，可获得此称号。	0	106	34	0	-1	-1	-1	-1	-1	-1	-1	-1	-1	-1	-1	-1	-1	-1	-1	-1	-1	-1	-1	-1	-1	-1	-1	-1	-1	-1	-1	-1	-1
383	1035	天龙大弟子	见龙在田，万夫莫挡	174	1	336	冠绝师门・举贤中获得第1名的少侠，可获得此称号。	1	冠军师门・举贤中获第1名的少侠，可获得此称号。	0	106	34	1	-1	-1	-1	-1	-1	-1	-1	-1	-1	-1	-1	-1	-1	-1	-1	-1	-1	-1	-1	-1	-1	-1	-1	-1	-1	-1	-1	-1	-1
384	1035	天龙战国大弟子	龙战于野，咫尺敌国	174	2	336	冠绝师门・举贤中获得第1名的少侠，可获得此称号。	1	冠军师门・举贤中获第1名的少侠，可获得此称号。	0	106	34	0	-1	-1	-1	-1	-1	-1	-1	-1	-1	-1	-1	-1	-1	-1	-1	-1	-1	-1	-1	-1	-1	-1	-1	-1	-1	-1	-1	-1	-1
385	1035	天龙傲世大弟子	飞龙入天，傲然世间	174	3	336	冠绝师门・举贤中获得第1名的少侠，可获得此称号。	1	冠军师门・举贤中获第1名的少侠，可获得此称号。	0	106	34	0	-1	-1	-1	-1	-1	-1	-1	-1	-1	-1	-1	-1	-1	-1	-1	-1	-1	-1	-1	-1	-1	-1	-1	-1	-1	-1	-1	-1	-1
386	1035	逍遥大弟子	无愁无忧，逍遥自在	174	1	336	冠绝师门・举贤中获得第1名的少侠，可获得此称号。	1	冠军师门・举贤中获第1名的少侠，可获得此称号。	0	106	34	1	-1	-1	-1	-1	-1	-1	-1	-1	-1	-1	-1	-1	-1	-1	-1	-1	-1	-1	-1	-1	-1	-1	-1	-1	-1	-1	-1	-1	-1
387	1035	逍遥无我大弟子	无身无我，逍遥人间	174	2	336	冠绝师门・举贤中获得第1名的少侠，可获得此称号。	1	冠军师门・举贤中获第1名的少侠，可获得此称号。	0	106	34	0	-1	-1	-1	-1	-1	-1	-1	-1	-1	-1	-1	-1	-1	-1	-1	-1	-1	-1	-1	-1	-1	-1	-1	-1	-1	-1	-1	-1	-1
388	1035	逍遥无天大弟子	无法无天，逍遥无极	174	3	336	冠绝师门・举贤中获得第1名的少侠，可获得此称号。	1	冠军师门・举贤中获第1名的少侠，可获得此称号。	0	106	34	0	-1	-1	-1	-1	-1	-1	-1	-1	-1	-1	-1	-1	-1	-1	-1	-1	-1	-1	-1	-1	-1	-1	-1	-1	-1	-1	-1	-1	-1
389	1035	丐帮大弟子	巧力驱狼，拳脚熟稔	174	1	336	冠绝师门・举贤中获得第1名的少侠，可获得此称号。	1	冠军师门・举贤中获第1名的少侠，可获得此称号。	0	106	34	1	-1	-1	-1	-1	-1	-1	-1	-1	-1	-1	-1	-1	-1	-1	-1	-1	-1	-1	-1	-1	-1	-1	-1	-1	-1	-1	-1	-1	-1
390	1035	丐帮擒虎大弟子	醉中擒虎，拳脚精湛	174	2	336	冠绝师门・举贤中获得第1名的少侠，可获得此称号。	1	冠军师门・举贤中获第1名的少侠，可获得此称号。	0	106	34	0	-1	-1	-1	-1	-1	-1	-1	-1	-1	-1	-1	-1	-1	-1	-1	-1	-1	-1	-1	-1	-1	-1	-1	-1	-1	-1	-1	-1	-1
391	1035	丐帮降龙大弟子	酣战降龙，拳脚无双	174	3	336	冠绝师门・举贤中获得第1名的少侠，可获得此称号。	1	冠军师门・举贤中获第1名的少侠，可获得此称号。	0	106	34	0	-1	-1	-1	-1	-1	-1	-1	-1	-1	-1	-1	-1	-1	-1	-1	-1	-1	-1	-1	-1	-1	-1	-1	-1	-1	-1	-1	-1	-1
392	1035	天山大弟子	天山寒水，门派豪杰	174	1	336	冠绝师门・举贤中获得第1名的少侠，可获得此称号。	1	冠军师门・举贤中获第1名的少侠，可获得此称号。	0	106	34	1	-1	-1	-1	-1	-1	-1	-1	-1	-1	-1	-1	-1	-1	-1	-1	-1	-1	-1	-1	-1	-1	-1	-1	-1	-1	-1	-1	-1	-1
393	1035	天山清雪大弟子	天山清雪，人中龙凤	174	2	336	冠绝师门・举贤中获得第1名的少侠，可获得此称号。	1	冠军师门・举贤中获第1名的少侠，可获得此称号。	0	106	34	0	-1	-1	-1	-1	-1	-1	-1	-1	-1	-1	-1	-1	-1	-1	-1	-1	-1	-1	-1	-1	-1	-1	-1	-1	-1	-1	-1	-1	-1
394	1035	天山玄冰大弟子	天山玄冰，绝世天骄	174	3	336	冠绝师门・举贤中获得第1名的少侠，可获得此称号。	1	冠军师门・举贤中获第1名的少侠，可获得此称号。	0	106	34	0	-1	-1	-1	-1	-1	-1	-1	-1	-1	-1	-1	-1	-1	-1	-1	-1	-1	-1	-1	-1	-1	-1	-1	-1	-1	-1	-1	-1	-1
395	1029	同心同梦筑江湖	《新天龙八部》玩家策划团活动的专属称号。	166	1	720	参与《新天龙八部》玩家策划团活动可获得。	1	参与《新天龙八部》玩家策划团活动可获得。	0	106	38	1	-1	-1	-1	-1	-1	-1	-1	-1	-1	-1	-1	-1	-1	-1	-1	-1	-1	-1	-1	-1	-1	-1	-1	-1	-1	-1	-1	-1	-1
396	1018	曼陀真传・晚籁	万壑含晚籁，啁啾苍翠间。	144	1	-1	万壑含晚籁，啁啾苍翠间。	1	完成武道引导任务・详参武道得真传，成为门派真传弟子后可获得。	0	106	18	0	-1	-1	-1	-1	-1	-1	-1	-1	-1	-1	-1	-1	-1	-1	-1	-1	-1	-1	-1	-1	-1	-1	-1	-1	-1	-1	-1	-1	-1
397	1018	曼陀真传・昭明	玄夜几时尽？翘首待昭明。	144	1	-1	玄夜几时尽？翘首待昭明。	1	完成武道引导任务・详参武道得真传，成为门派真传弟子后可获得。	0	106	18	0	-1	-1	-1	-1	-1	-1	-1	-1	-1	-1	-1	-1	-1	-1	-1	-1	-1	-1	-1	-1	-1	-1	-1	-1	-1	-1	-1	-1	-1
398	1030	雁门驱狼者	黄砂狂舞，伏虎驱狼。	167	1	-1	黄砂狂舞，伏虎驱狼。	1	使用2枚雁门令进行兑换可以获得	0	106	0	1	44	10	-1	-1	-1	-1	-1	-1	-1	-1	-1	-1	-1	-1	-1	-1	-1	-1	-1	-1	-1	-1	-1	-1	-1	-1	-1	-1	-1
399	1030	雁门策鹰者	玉门路远，策鹰高歌。	167	2	-1	玉门路远，策鹰高歌。	1	使用10枚雁门令进行兑换可以获得	0	106	0	1	44	20	-1	-1	-1	-1	-1	-1	-1	-1	-1	-1	-1	-1	-1	-1	-1	-1	-1	-1	-1	-1	-1	-1	-1	-1	-1	-1	-1
400	1030	雁门酣酒士	向风酣酒，负沙吟诗。	167	3	-1	向风酣酒，负沙吟诗。	1	使用30枚雁门令进行兑换可以获得	0	106	0	1	44	30	-1	-1	-1	-1	-1	-1	-1	-1	-1	-1	-1	-1	-1	-1	-1	-1	-1	-1	-1	-1	-1	-1	-1	-1	-1	-1	-1
401	1030	雁门傲月客	风啸天野，孤客傲月。	167	4	-1	风啸天野，孤客傲月。	1	使用60枚雁门令进行兑换可以获得	0	106	0	1	44	40	-1	-1	-1	-1	-1	-1	-1	-1	-1	-1	-1	-1	-1	-1	-1	-1	-1	-1	-1	-1	-1	-1	-1	-1	-1	-1	-1
402	1030	雁门苍漠主	无际苍漠，我主天下。	167	5	-1	无际苍漠，我主天下。	1	使用100枚雁门令进行兑换可以获得	0	106	0	1	44	60	-1	-1	-1	-1	-1	-1	-1	-1	-1	-1	-1	-1	-1	-1	-1	-1	-1	-1	-1	-1	-1	-1	-1	-1	-1	-1	-1
403	1031	皎皎河汉・迢迢诉情	七夕星河花序榜・银汉渡送花榜第一名。	168	1	-1	七夕星河花序榜・银汉渡送花榜第一名。	1	七夕星河花序榜・银汉渡送花榜第一名获得。	0	106	39	1	-1	-1	-1	-1	-1	-1	-1	-1	-1	-1	-1	-1	-1	-1	-1	-1	-1	-1	-1	-1	-1	-1	-1	-1	-1	-1	-1	-1	-1
404	1032	盈盈水间・朝朝慕情	七夕星河花序榜・银汉渡收花榜第一名。	169	1	-1	七夕星河花序榜・银汉渡收花榜第一名。	1	七夕星河花序榜・银汉渡收花榜第一名获得。	0	106	40	1	-1	-1	-1	-1	-1	-1	-1	-1	-1	-1	-1	-1	-1	-1	-1	-1	-1	-1	-1	-1	-1	-1	-1	-1	-1	-1	-1	-1	-1
405	1033	更漏未歇一心人	七夕活动期间累计收花188朵奖励称号。	170	1	-1	七夕活动期间累计收花188朵奖励称号。	1	七夕活动期间累计收花188朵奖励称号可获得。	0	106	41	1	-1	-1	-1	-1	-1	-1	-1	-1	-1	-1	-1	-1	-1	-1	-1	-1	-1	-1	-1	-1	-1	-1	-1	-1	-1	-1	-1	-1	-1
406	1034	塞外绝尘・大宗师	翻手为云，覆手为雨，在雁门论武竞速中获得第一名的队伍可领取。	171	3	168	翻手为云，覆手为雨，在雁门论武竞速中获得第一名的队伍可领取。	1	在雁门论武竞速中获得第一名的队伍可领取。	0	106	42	1	48	30	-1	-1	-1	-1	-1	-1	-1	-1	-1	-1	-1	-1	-1	-1	-1	-1	-1	-1	-1	-1	-1	-1	-1	-1	-1	-1	-1
407	1034	塞外绝尘・凌霄客	凌绝天下，唯我独尊，在雁门论武竞速中获得第二名的队伍可领取。	172	2	168	凌绝天下，唯我独尊，在雁门论武竞速中获得第二名的队伍可领取。	1	在雁门论武竞速中获得第二名的队伍可领取。	0	106	43	1	48	20	-1	-1	-1	-1	-1	-1	-1	-1	-1	-1	-1	-1	-1	-1	-1	-1	-1	-1	-1	-1	-1	-1	-1	-1	-1	-1	-1
408	1034	塞外绝尘・惊鸣者	宁鸣而生，不默而死，在雁门论武竞速中获得第三名的队伍可领取。	173	1	168	宁鸣而生，不默而死，在雁门论武竞速中获得第三名的队伍可领取。	1	在雁门论武竞速中获得第三名的队伍可领取。	0	106	44	1	48	15	-1	-1	-1	-1	-1	-1	-1	-1	-1	-1	-1	-1	-1	-1	-1	-1	-1	-1	-1	-1	-1	-1	-1	-1	-1	-1	-1
409	1028	曼陀山庄第一人	曼陀外门，问鼎师门。	165	1	336	冠绝师门・问鼎中获得第1名的少侠，可获得此称号。	1	冠绝师门・问鼎中获得第1名的少侠，可获得此称号。	0	106	35	1	0	4000	-1	-1	-1	-1	-1	-1	-1	-1	-1	-1	-1	-1	-1	-1	-1	-1	-1	-1	-1	-1	-1	-1	-1	-1	-1	-1	-1
410	1028	曼陀山庄凌云者	曼陀外门，凌云显锋。	165	1	336	冠绝师门・问鼎中获得第2名的少侠，可获得此称号。	1	冠绝师门・问鼎中获得第2名的少侠，可获得此称号。	0	106	36	1	0	3000	-1	-1	-1	-1	-1	-1	-1	-1	-1	-1	-1	-1	-1	-1	-1	-1	-1	-1	-1	-1	-1	-1	-1	-1	-1	-1	-1
411	1028	曼陀山庄登峰者	曼陀外门，登峰豪志。	165	1	336	冠绝师门・问鼎中获得4强的少侠，可获得此称号。	1	冠绝师门・问鼎中获得4强的少侠，可获得此称号。	0	106	37	1	0	2500	-1	-1	-1	-1	-1	-1	-1	-1	-1	-1	-1	-1	-1	-1	-1	-1	-1	-1	-1	-1	-1	-1	-1	-1	-1	-1	-1
412	1035	曼陀大弟子	灵韵于琴，诛情与心。	174	1	336	冠绝师门・举贤中获得第1名的少侠，可获得此称号。	1	冠军师门・举贤中获第1名的少侠，可获得此称号。	0	106	34	1	-1	-1	-1	-1	-1	-1	-1	-1	-1	-1	-1	-1	-1	-1	-1	-1	-1	-1	-1	-1	-1	-1	-1	-1	-1	-1	-1	-1	-1
413	1036	清风觥筹遇旧友	推杯豪谈无罄时，何啻一日大千知。为参加2022年新天龙八部嘉年华活动的侠士们，特别准备的永久稀有称号。	191	1	-1	推杯豪谈无罄时，何啻一日大千知。为参加2022年新天龙八部嘉年华活动的侠士们，特别准备的永久稀有称号。	1	成功使用天龙明Y锦盒或天龙明玑锦盒后获得。	0	106	45	1	-1	-1	-1	-1	-1	-1	-1	-1	-1	-1	-1	-1	-1	-1	-1	-1	-1	-1	-1	-1	-1	-1	-1	-1	-1	-1	-1	-1	-1
414	1037	破煞渡厄・头陀	既度杀星，苍生得救。在新杀星-苍山破煞获得第一名的队伍可领取。	175	1	168	所在队伍于新杀星-苍山破煞中获得第一名。	1	在新杀星-苍山破煞获得第一名的队伍可领取。	0	106	0	1	46	60	-1	-1	-1	-1	-1	-1	-1	-1	-1	-1	-1	-1	-1	-1	-1	-1	-1	-1	-1	-1	-1	-1	-1	-1	-1	-1	-1
415	1037	破煞渡厄・护法	既度杀星，苍生得救。在新杀星-苍山破煞获得第二名的队伍可领取。	176	1	168	所在队伍于新杀星-苍山破煞中获得第二名。	1	在新杀星-苍山破煞获得第二名的队伍可领取。	0	106	0	1	46	40	-1	-1	-1	-1	-1	-1	-1	-1	-1	-1	-1	-1	-1	-1	-1	-1	-1	-1	-1	-1	-1	-1	-1	-1	-1	-1	-1
416	1037	破煞渡厄・行者	既度杀星，苍生得救。在新杀星-苍山破煞获得第三名的队伍可领取。	177	1	168	所在队伍于新杀星-苍山破煞中获得第三名。	1	在新杀星-苍山破煞获得第三名的队伍可领取。	0	106	0	1	46	30	-1	-1	-1	-1	-1	-1	-1	-1	-1	-1	-1	-1	-1	-1	-1	-1	-1	-1	-1	-1	-1	-1	-1	-1	-1	-1	-1
417	1038	嵩嵩牵此心	江湖路高远，嵩嵩牵此心。许嵩歌迷的真爱凭证。	178	1	-1	打开爱嵩纯粹礼后所得称号。	1	成功使用爱嵩纯粹礼后可得称号。	0	106	0	1	-1	-1	-1	-1	-1	-1	-1	-1	-1	-1	-1	-1	-1	-1	-1	-1	-1	-1	-1	-1	-1	-1	-1	-1	-1	-1	-1	-1	-1
418	1039	九州豪侠同祝酒	豪侠祝酒，九州同游。打开群侠欢至礼所得称号。	179	1	720	打开群侠欢至礼后所得称号。	1	成功使用群侠欢至礼后可得称号。	0	106	0	1	-1	-1	-1	-1	-1	-1	-1	-1	-1	-1	-1	-1	-1	-1	-1	-1	-1	-1	-1	-1	-1	-1	-1	-1	-1	-1	-1	-1	-1
