INT	INT	INT	INT	INT	INT	INT	INT	INT	INT	INT	INT	INT	INT	INT	INT	INT	INT	INT	INT	INT	INT	INT	INT	INT	STRING
index	名称	INT	INT	INT	INT	INT	最大等级	INT	INT	INT	INT	INT	INT	INT	INT	INT	INT	前置	INT	INT	INT	INT	INT	INT	STRING
1	且醉且狂	-1	2	0	1	-1	1	0	0	0	0	0	0	0	0	0	0	-1	-1	-1	-1	-1	-1	-1	酒狂
2	蟠龙击・神威	39	2	0	2	213	5	10	200	20	400	30	600	50	800	80	1000	-1	-1	-1	-1	1	-1	-1	酒狂
3	龙息	4	2	0	2	223	5	10	40	20	80	30	120	50	160	80	200	-1	-1	-1	-1	-1	-1	-1	酒狂
4	破阵急奏	2	2	0	3	215	5	20	2	30	4	50	6	80	8	130	10	2	5	-1	-1	-1	-1	-1	酒狂
5	烟锁迷阵	3	2	0	3	215	5	20	100	30	200	50	300	80	400	130	500	2	5	-1	-1	42841	-1	-1	酒狂
6	揽杯倾盏	5	2	0	3	223	5	20	10	30	20	50	30	80	40	130	50	3	5	-1	-1	-1	-1	-1	酒狂
7	虬龙返	7	2	0	4	213	5	40	60	70	120	110	180	180	240	290	300	-1	-1	10	-1	-1	-1	-1	酒狂
8	醉里腾挪	8	2	0	4	-1	5	40	100	70	200	110	300	180	400	290	500	-1	-1	10	-1	-1	-1	-1	酒狂
9	酩酊龙舞	11	2	0	5	219	5	80	100	120	200	200	300	320	400	520	500	-1	-1	15	50	-1	-1	-1	酒狂
10	酣然一醉	12	2	0	5	219	5	80	30	120	60	200	90	320	120	520	150	-1	-1	15	50	-1	-1	-1	酒狂
11	吞风饮雨	13	2	0	5	219	5	80	1	120	2	200	3	320	4	520	5	6	5	15	1	351	364	-1	酒狂
12	杀破狼	-1	2	1	1	-1	1	0	0	0	0	0	0	0	0	0	0	-1	-1	-1	-1	-1	-1	-1	行侠
13	蟠龙击・神威	39	2	1	2	213	5	10	200	20	400	30	600	50	800	80	1000	-1	-1	-1	-1	1	-1	-1	行侠
14	千里烟瘴	1	2	1	2	214	5	10	150	20	300	30	450	50	600	80	750	-1	-1	-1	-1	6	-1	-1	行侠
15	速战速决	2	2	1	3	236	5	20	20	30	40	50	60	80	80	130	100	13	5	-1	-1	-1	-1	-1	行侠
16	风掠广陌	6	2	1	3	236	5	20	1	30	2	50	3	80	4	130	5	13	5	-1	-1	-1	-1	-1	行侠
17	千里疾驰	2	2	1	3	214	5	20	5	30	10	50	15	80	20	130	25	14	5	-1	-1	-1	-1	-1	行侠
18	龙行乾坤	9	2	1	4	213	5	40	60	70	120	110	180	180	240	290	300	-1	-1	10	2	365	-1	-1	行侠
19	迭步蓄势	10	2	1	4	-1	5	40	5	70	10	110	15	180	20	290	25	-1	-1	10	-1	-1	-1	-1	行侠
20	断肠天涯	14	2	1	5	235	5	80	100	120	200	200	300	320	400	520	500	18	5	-1	-1	-1	-1	-1	行侠
21	乾坤覆	15	2	1	5	235	5	80	50	120	100	200	100	320	150	520	150	18	5	-1	-1	-1	-1	-1	行侠
22	潜龙入海	16	2	1	5	232	5	80	50	120	100	200	150	320	200	520	250	19	5	-1	-1	-1	-1	-1	行侠
23	禅武印	-1	0	0	1	-1	1	0	0	0	0	0	0	0	0	0	0	-1	-1	-1	-1	-1	-1	-1	罗汉
24	伏虎拳・神威	39	0	0	2	160	5	10	200	20	400	30	600	50	800	80	1000	-1	-1	-1	-1	1	-1	-1	罗汉
25	佛灯压顶	1	0	0	2	161	5	10	150	20	300	30	450	50	600	80	750	-1	-1	-1	-1	5	-1	-1	罗汉
26	摩诃碎甲	27	0	0	3	170	5	20	20	30	40	50	60	80	80	130	100	24	5	-1	-1	1	-1	-1	罗汉
27	行道迟迟	27	0	0	3	174	5	20	-50	30	-100	50	-150	80	-200	130	-250	24	5	-1	-1	-1	-1	-1	罗汉
28	禅力裂地	1	0	0	3	162	5	20	150	30	300	50	450	80	600	130	750	25	5	-1	-1	5	-1	-1	罗汉
29	长虹凌日	18	0	0	4	176	5	40	2	70	4	110	6	180	8	290	10	-1	-1	10	-1	35	-1	-1	罗汉
30	伏虎迎佛	49	0	0	4	160	5	40	20	70	40	110	60	180	80	290	100	-1	-1	10	2	283	-1	-1	罗汉
31	不动如山	86	0	0	5	182	5	80	30	120	60	200	90	320	120	520	150	-1	-1	15	-1	-1	-1	-1	罗汉
32	舍身除魔	32	0	0	5	183	5	80	20	120	40	200	60	320	80	520	100	-1	-1	15	-1	-1	-1	-1	罗汉
33	佛手开天	33	0	0	5	162	5	80	40	120	80	200	120	320	160	520	200	28	5	15	-1	-1	-1	-1	罗汉
34	法身印	-1	0	1	1	-1	1	0	0	0	0	0	0	0	0	0	0	-1	-1	-1	-1	-1	-1	-1	金刚
35	伏虎拳・神威	39	0	1	2	160	5	10	200	20	400	30	600	50	800	80	1000	-1	-1	-1	-1	1	-1	-1	金刚
36	佛法无边	6	0	1	2	161	5	10	1	20	2	30	3	50	4	80	5	-1	-1	-1	-1	-1	-1	-1	金刚
37	无垢佛身	2	0	1	3	184	5	20	10	30	20	50	30	80	40	130	50	35	5	-1	-1	-1	-1	-1	金刚
38	筋骨道基	28	0	1	3	184	5	20	10	30	20	50	30	80	40	130	50	35	5	-1	-1	-1	-1	-1	金刚
39	梵音镇神	29	0	1	3	166	5	20	42853	30	42854	50	42855	80	42856	130	42857	36	5	-1	-1	3294	-1	-1	金刚
40	魔心种佛	30	0	1	4	-1	5	40	20	70	40	110	60	180	80	290	100	-1	-1	10	-1	293	2	-1	金刚
41	金刚怒目	31	0	1	4	-1	5	40	1	70	2	110	3	180	4	290	5	-1	-1	10	-1	-1	-1	-1	金刚
42	诸佛无相	2	0	1	5	172	5	80	2	120	4	200	6	320	8	520	10	40	5	-1	-1	-1	-1	-1	金刚
43	佛心行持	34	0	1	5	172	5	80	1	120	2	200	3	320	4	520	5	40	5	-1	-1	-1	-1	-1	金刚
44	佛缘业火	35	0	1	5	168	5	80	10	120	20	200	30	320	40	520	50	41	5	-1	-1	-1	-1	-1	金刚
45	不死不休	-1	1	0	1	-1	1	0	0	0	0	0	0	0	0	0	0	-1	-1	-1	-1	-1	-1	3293	天罗
46	摧心掌・神威	39	1	0	2	187	5	10	200	20	400	30	600	50	800	80	1000	-1	-1	-1	-1	1	-1	-1	天罗
47	烽燧相望	2	1	0	2	188	5	10	2	20	4	30	6	50	8	80	10	-1	-1	-1	-1	-1	-1	-1	天罗
48	天罗地网	20	1	0	3	189	5	20	20	30	40	50	60	80	80	130	100	46	5	-1	-1	-1	-1	-1	天罗
49	引火成缚	20	1	0	3	201	5	20	20	30	40	50	60	80	80	130	100	46	5	-1	-1	-1	-1	-1	天罗
50	一炬万顷	29	1	0	3	203	5	20	42858	30	42859	50	42860	80	42861	130	42862	47	5	-1	-1	3295	-1	-1	天罗
51	撼岳龙腾	49	1	0	4	187	5	40	20	70	40	110	60	180	80	290	100	-1	-1	10	2	313	-1	-1	天罗
52	步步为营	38	1	0	4	187	5	40	42863	70	42864	110	42865	180	42866	290	42867	-1	-1	10	-1	-1	-1	-1	天罗
53	东风已至	40	1	0	5	201	5	80	50	120	100	200	150	320	200	520	250	51	5	-1	-1	-1	-1	-1	天罗
54	焚天炽地	41	1	0	5	189	5	80	40	120	80	200	120	320	160	520	200	51	5	-1	-1	-1	-1	-1	天罗
55	火浪滔天	42	1	0	5	210	5	80	200	120	400	200	600	320	800	520	1000	-1	-1	15	-1	-1	-1	-1	天罗
56	怒焰焚世	-1	1	1	1	-1	1	0	0	0	0	0	0	0	0	0	0	-1	-1	-1	-1	-1	-1	-1	血戾
57	摧心掌・神威	39	1	1	2	187	5	10	200	20	400	30	600	50	800	80	1000	-1	-1	-1	-1	1	-1	-1	血戾
58	明光悬	2	1	1	2	189	5	10	1	20	2	30	3	50	4	80	5	-1	-1	-1	-1	-1	-1	-1	血戾
59	骤雨颓垣	21	1	1	3	197	5	20	50	30	100	50	150	80	200	130	250	57	5	-1	-1	-1	-1	-1	血戾
60	化坎入离	36	1	1	3	197	5	20	200	30	400	50	600	80	800	130	1000	57	5	-1	-1	-1	-1	-1	血戾
61	雷霆之怒	37	1	1	3	193	5	20	200	30	400	50	600	80	800	130	1000	58	5	-1	-1	-1	-1	-1	血戾
62	烛芯烬	9	1	1	4	189	5	40	100	70	200	110	300	180	400	290	500	-1	-1	10	10	335	-1	-1	血戾
63	慨当以慷	23	1	1	4	187	5	40	5	70	10	110	15	180	20	290	25	-1	-1	10	-1	-1	-1	-1	血戾
64	天地为炉	43	1	1	5	210	5	80	20	120	40	200	60	320	80	520	100	62	5	-1	-1	-1	-1	-1	血戾
65	付之一烬	44	1	1	5	210	5	80	40	120	80	200	120	320	160	520	200	-1	-1	15	-1	110	279	-1	血戾
66	乘势追击	45	1	1	5	206	5	80	60	120	120	200	180	320	240	520	300	63	5	-1	-1	-1	-1	-1	血戾
67	海纳川行诀	-1	3	0	1	-1	1	0	0	0	0	0	0	0	0	0	0	-1	-1	-1	-1	-1	-1	-1	凭虚
68	八卦掌・神威	39	3	0	2	239	5	10	200	20	400	30	600	50	800	80	1000	-1	-1	-1	-1	2	-1	-1	凭虚
69	万辰莹辉	80	3	0	2	244	5	10	20	20	40	30	60	50	80	80	100	-1	-1	-1	-1	7	-1	-1	凭虚
70	踏碎星河	33	3	0	3	245	5	20	60	30	120	50	180	80	240	130	300	68	5	-1	-1	-1	-1	-1	凭虚
71	酣然魂逝	83	3	0	3	245	5	20	100	30	200	50	300	80	400	130	500	68	5	-1	-1	-1	-1	-1	凭虚
72	澹兮岚萦	34	3	0	3	261	5	20	2	30	4	50	6	80	8	130	10	69	5	-1	-1	-1	-1	-1	凭虚
73	八卦衍	49	3	0	4	239	5	40	30	70	60	110	90	180	120	290	150	-1	-1	10	2	373	-1	-1	凭虚
74	紫气东来	81	3	0	4	250	5	40	20	70	40	110	60	180	80	290	100	-1	-1	10	-1	-1	-1	-1	凭虚
75	一剑万钧	33	3	0	5	241	5	80	70	120	140	200	210	320	280	520	350	73	5	-1	-1	-1	-1	-1	凭虚
76	纳灵凝丹	85	3	0	5	241	5	80	20	120	40	200	60	320	80	520	100	-1	-1	15	-1	-1	-1	-1	凭虚
77	太初将至	2	3	0	5	246	5	80	2	120	4	200	6	320	8	520	10	-1	-1	15	-1	-1	-1	-1	凭虚
78	七步登云庭	-1	3	1	1	-1	1	0	0	0	0	0	0	0	0	0	0	-1	-1	-1	-1	-1	-1	-1	摘星
79	八卦掌・神威	39	3	1	2	239	5	10	200	20	400	30	600	50	800	80	1000	-1	-1	-1	-1	2	-1	-1	摘星
80	清风快哉	2	3	1	2	240	5	10	2	20	4	30	6	50	8	80	10	-1	-1	-1	-1	-1	-1	-1	摘星
81	虚步青云	2	3	1	3	247	5	20	4	30	8	50	12	80	16	130	20	79	5	-1	-1	-1	-1	-1	摘星
82	裁风绊月	27	3	1	3	242	5	20	-30	30	-60	50	-90	80	-120	130	-150	79	5	-1	-1	-1	-1	-1	摘星
83	斗转星驰	2	3	1	3	262	5	20	1	30	2	50	3	80	4	130	5	80	5	-1	-1	-1	-1	-1	摘星
84	爻动星移	9	3	1	4	239	5	40	60	70	120	110	180	180	240	290	300	-1	-1	10	2	395	-1	-1	摘星
85	星涛怒浪	56	3	1	4	262	5	40	50	70	100	110	150	180	200	290	250	-1	-1	10	-1	20	-1	-1	摘星
86	天钺横空	33	3	1	5	262	5	80	30	120	60	200	90	320	120	520	150	84	5	-1	-1	-1	-1	-1	摘星
87	罡风袭月	82	3	1	5	242	5	80	42848	120	42849	200	42850	320	42851	520	42852	-1	-1	15	-1	-1	-1	-1	摘星
88	星隐鹤啼	84	3	1	5	255	5	80	2	120	4	200	6	320	8	520	10	85	5	-1	-1	-1	-1	-1	摘星
89	医者仁心	-1	4	0	1	-1	1	0	0	0	0	0	0	0	0	0	0	-1	-1	-1	-1	-1	-1	-1	沁芳
90	拜月・神威	39	4	0	2	265	5	10	200	20	400	30	600	50	800	80	1000	-1	-1	-1	-1	2	-1	-1	沁芳
91	盈裕太渊	46	4	0	2	271	5	10	50	20	100	30	150	50	200	80	250	-1	-1	-1	-1	-1	-1	-1	沁芳
92	甘木灵佑	47	4	0	3	273	5	20	200	30	400	50	600	80	800	130	1000	90	5	-1	-1	-1	-1	-1	沁芳
93	净繁芜	48	4	0	3	273	5	20	100	30	200	50	300	80	400	130	500	90	5	-1	110	279	-1	-1	沁芳
94	凝神皈心	2	4	0	3	277	5	20	20	30	40	50	60	80	80	130	100	91	5	-1	-1	-1	-1	-1	沁芳
95	风清月朗	49	4	0	4	286	5	40	20	70	40	110	60	180	80	290	100	-1	-1	10	2	426	-1	-1	沁芳
96	风摧木鸣	31	4	0	4	-1	5	40	2	70	4	110	6	180	8	290	10	-1	-1	10	-1	-1	-1	-1	沁芳
97	花满闲潭	46	4	0	5	288	5	80	100	120	200	200	300	320	400	520	500	95	5	-1	-1	-1	-1	-1	沁芳
98	妙手回天	51	4	0	5	275	5	80	2	120	4	200	6	320	8	520	10	-1	-1	15	-1	-1	-1	-1	沁芳
99	桃李春风	51	4	0	5	270	5	80	2	120	4	200	6	320	8	520	10	94	5	15	-1	-1	-1	-1	沁芳
100	琵琶声停	-1	4	1	1	-1	1	0	0	0	0	0	0	0	0	0	0	-1	-1	-1	-1	-1	-1	-1	清音
101	拜月・神威	39	4	1	2	265	5	10	200	20	400	30	600	50	800	80	1000	-1	-1	-1	-1	2	-1	-1	清音
102	遮云蔽月	21	4	1	2	279	5	10	10	20	20	30	30	50	40	80	50	-1	-1	-1	-1	-1	-1	-1	清音
103	半阙商歌	39	4	1	3	268	5	20	200	30	400	50	600	80	800	130	1000	101	5	-1	-1	2	-1	-1	清音
104	筝鸣裂帛	33	4	1	3	268	5	20	100	30	200	50	300	80	400	130	500	101	5	-1	-1	-1	-1	-1	清音
105	空山凝云	27	4	1	3	268	5	20	-80	30	-160	50	-240	80	-320	130	-400	102	5	-1	-1	-1	-1	-1	清音
106	轮弦繁促	49	4	1	4	267	5	40	20	70	40	110	60	180	80	290	100	-1	-1	10	100	403	-1	-1	清音
107	杀机四伏	50	4	1	4	268	5	40	50	70	100	110	150	180	200	290	250	-1	-1	10	30	421	-1	-1	清音
108	西子叹	33	4	1	5	267	5	80	80	120	160	200	240	320	320	520	400	106	5	-1	-1	-1	-1	-1	清音
109	月寒衾	39	4	1	5	288	5	80	200	120	400	200	600	320	800	520	1000	-1	-1	15	-1	2	-1	-1	清音
110	幽咽泉流	52	4	1	5	287	5	80	42868	120	42869	200	42870	320	42871	520	42872	107	5	-1	-1	-1	-1	-1	清音
111	冥星照顶	-1	5	0	1	-1	1	0	0	0	0	0	0	0	0	0	0	-1	-1	-1	-1	-1	-1	3296	寒冥
112	蓝砂手・神威	39	5	0	2	291	5	10	200	20	400	30	600	50	800	80	1000	-1	-1	-1	-1	2	-1	-1	寒冥
113	幽冥急袭	53	5	0	2	293	5	10	100	20	200	30	300	50	400	80	500	-1	-1	-1	-1	-1	-1	-1	寒冥
114	冰寒绝息	40	5	0	3	305	5	20	50	30	100	50	150	80	200	130	250	112	5	-1	-1	-1	-1	-1	寒冥
115	掌势潮涌	2	5	0	3	293	5	20	1	30	2	50	3	80	4	130	5	113	5	-1	-1	-1	-1	-1	寒冥
116	幽冥寂灭	33	5	0	3	293	5	20	80	30	160	50	240	80	320	130	400	113	5	-1	-1	-1	-1	-1	寒冥
117	掌迫生机	49	5	0	4	293	5	40	100	70	200	110	300	180	400	290	500	-1	-1	10	10	455	-1	-1	寒冥
118	辣手戾心	56	5	0	4	291	5	40	20	70	40	110	60	180	80	290	100	-1	-1	10	-1	30	-1	-1	寒冥
119	阎王来帖	33	5	0	5	314	5	80	30	120	60	200	90	320	120	520	150	117	5	-1	-1	-1	-1	-1	寒冥
120	天损有余	58	5	0	5	310	5	80	20	120	40	200	60	320	80	520	100	-1	-1	15	-1	500	-1	-1	寒冥
121	地杀不足	59	5	0	5	310	5	80	20	120	40	200	60	320	80	520	100	-1	-1	15	-1	500	-1	-1	寒冥
122	巫蛊降厄	-1	5	1	1	-1	1	0	0	0	0	0	0	0	0	0	0	-1	-1	-1	-1	-1	-1	-1	九厄
123	蓝砂手・神威	39	5	1	2	291	5	10	200	20	400	30	600	50	800	80	1000	-1	-1	-1	-1	2	-1	-1	九厄
124	惜金蟾蜍	53	5	1	2	295	5	10	100	20	200	30	300	50	400	80	500	-1	-1	-1	-1	-1	-1	-1	九厄
125	毒厄夺命	54	5	1	3	294	5	20	40	30	80	50	120	80	160	130	200	123	5	-1	-1	-1	-1	-1	九厄
126	余罪缠身	27	5	1	3	294	5	20	-50	30	-100	50	-150	80	-200	130	-250	-1	-1	5	-1	-1	-1	-1	九厄
127	颠倒阴阳	55	5	1	3	303	5	20	60	30	120	50	180	80	240	130	300	124	5	-1	-1	-1	-1	-1	九厄
128	蛇毒浸体	49	5	1	4	301	5	40	150	70	300	110	450	180	600	290	750	-1	-1	10	10	455	-1	-1	九厄
129	天怒地愤	57	5	1	4	310	5	40	30	70	60	110	90	180	120	290	150	-1	-1	10	-1	-1	-1	-1	九厄
130	长恨绵绵	2	5	1	5	312	5	80	20	120	40	200	60	320	80	520	100	-1	-1	15	-1	-1	-1	-1	九厄
131	噬血吸髓	60	5	1	5	297	5	80	70	120	140	200	210	320	280	520	350	-1	-1	15	-1	-1	-1	-1	九厄
132	咒昭重厄	25	5	1	5	310	5	80	20	120	40	200	60	320	80	520	100	129	5	-1	-1	-1	-1	-1	九厄
133	化乾转坤	-1	6	0	1	-1	1	0	0	0	0	0	0	0	0	0	0	-1	-1	-1	-1	-1	-1	-1	龙威
134	正阳手・神威	39	6	0	2	317	5	10	200	20	400	30	600	50	800	80	1000	-1	-1	-1	-1	2	-1	-1	龙威
135	啸惊天地	62	6	0	2	333	5	10	300	20	600	30	900	50	1200	80	1500	-1	-1	-1	-1	35	-1	-1	龙威
136	千山灭	39	6	0	3	319	5	20	70	30	140	50	210	80	280	130	350	134	5	-1	-1	7	-1	-1	龙威
137	飞光不附	3	6	0	3	319	5	20	50	30	100	50	150	80	200	130	250	134	5	-1	-1	42842	-1	-1	龙威
138	怒震列缺	39	6	0	3	338	5	20	70	30	140	50	210	80	280	130	350	135	5	-1	-1	7	-1	-1	龙威
139	烛龙衔光	49	6	0	4	319	5	40	20	70	40	110	60	180	80	290	100	-1	-1	10	100	463	-1	-1	龙威
140	恨断青山	56	6	0	4	339	5	40	100	70	200	110	300	180	400	290	500	-1	-1	10	-1	50	-1	-1	龙威
141	死生无门	66	6	0	5	319	5	80	40	120	80	200	120	320	160	520	200	139	5	-1	-1	-1	-1	-1	龙威
142	风云从龙	67	6	0	5	338	5	80	80	120	160	200	240	320	320	520	400	-1	-1	15	-1	-1	-1	-1	龙威
143	太白入月	68	6	0	5	-1	5	80	6	120	12	200	18	320	24	520	30	-1	-1	15	-1	-1	-1	-1	龙威
144	谒天应行	-1	6	1	1	-1	1	0	0	0	0	0	0	0	0	0	0	-1	-1	-1	-1	-1	-1	-1	菩天
145	正阳手・神威	39	6	1	2	317	5	10	200	20	400	30	600	50	800	80	1000	-1	-1	-1	-1	2	-1	-1	菩天
146	恩拂九重	62	6	1	2	322	5	10	60	20	120	30	180	50	240	80	300	-1	-1	-1	-1	34	-1	-1	菩天
147	万壑深	63	6	1	3	327	5	20	80	30	160	50	240	80	320	130	400	145	5	-1	-1	-1	-1	-1	菩天
148	蹈死难顾	64	6	1	3	327	5	20	50	30	100	50	150	80	200	130	250	145	5	-1	-1	-1	-1	-1	菩天
149	缘门始开	65	6	1	3	338	5	20	20	30	40	50	60	80	80	130	100	146	5	-1	-1	-1	-1	-1	菩天
150	不问修罗	49	6	1	4	327	5	40	100	70	200	110	300	180	400	290	500	-1	-1	10	5	488	-1	-1	菩天
151	择风化雨	49	6	1	4	317	5	40	50	70	100	110	150	180	200	290	250	-1	-1	10	2	469	-1	-1	菩天
152	众生如来	69	6	1	5	340	5	80	3	120	6	200	9	320	12	520	15	150	5	-1	-1	-1	-1	-1	菩天
153	万鬼难渡	21	6	1	5	331	5	80	10	120	20	200	30	320	40	520	50	-1	-1	15	-1	-1	-1	-1	菩天
154	风月同悲	70	6	1	5	325	5	80	100	120	200	200	300	320	400	520	500	151	5	-1	-1	-1	-1	-1	菩天
155	寒芒乍现	-1	7	0	1	-1	1	0	0	0	0	0	0	0	0	0	0	-1	-1	-1	-1	-1	-1	-1	霜凝
156	雁南飞・神威	39	7	0	2	343	5	10	200	20	400	30	600	50	800	80	1000	-1	-1	-1	-1	1	-1	-1	霜凝
157	冰封雪舞	17	7	0	2	353	5	10	200	20	400	30	600	50	800	80	1000	-1	-1	-1	-1	-1	-1	-1	霜凝
158	箫韶引凤	2	7	0	3	345	5	20	2	30	4	50	6	80	8	130	10	156	5	-1	-1	-1	-1	-1	霜凝
159	生死一念	19	7	0	3	345	5	20	10	30	20	50	30	80	40	130	50	-1	-1	5	-1	-1	-1	-1	霜凝
160	万翎千机	20	7	0	3	345	5	20	20	30	40	50	60	80	80	130	100	157	5	-1	-1	-1	-1	-1	霜凝
161	鸿雁来宾	49	7	0	4	343	5	40	20	70	40	110	60	180	80	290	100	-1	-1	10	2	492	-1	-1	霜凝
162	凤回首	49	7	0	4	345	5	40	20	70	40	110	60	180	80	290	100	-1	-1	10	100	493	-1	-1	霜凝
163	孤鹰戾天	1	7	0	5	344	5	80	100	120	200	200	300	320	400	520	500	161	5	-1	-1	3	-1	-1	霜凝
164	无边落木	24	7	0	5	350	5	80	50	120	100	200	150	320	200	520	250	-1	-1	15	-1	-1	-1	-1	霜凝
165	霜冷九州	1	7	0	5	345	5	80	150	120	300	200	450	320	600	520	750	162	5	-1	-1	3	-1	-1	霜凝
166	匿影绝杀	-1	7	1	1	-1	1	0	0	0	0	0	0	0	0	0	0	-1	-1	-1	-1	-1	-1	-1	雪隐
167	雁南飞・神威	39	7	1	2	343	5	10	200	20	400	30	600	50	800	80	1000	-1	-1	-1	-1	1	-1	-1	雪隐
168	杀意袭	18	7	1	2	353	5	10	2	20	4	30	6	50	8	80	10	-1	-1	-1	-1	35	-1	-1	雪隐
169	寒梅寂	21	7	1	3	357	5	20	50	30	100	50	150	80	200	130	250	167	5	-1	-1	-1	-1	-1	雪隐
170	生杀予夺	61	7	1	3	-1	5	20	8	30	16	50	24	80	32	130	40	-1	-1	5	-1	-1	-1	-1	雪隐
171	暮雪将倾	2	7	1	3	353	5	20	1	30	2	50	3	80	4	130	5	168	5	-1	-1	-1	-1	-1	雪隐
172	雁寄梅花	9	7	1	4	343	5	40	40	70	80	110	120	180	160	290	200	-1	-1	10	2	507	-1	-1	雪隐
173	悲雁鸣	23	7	1	4	343	5	40	5	70	10	110	15	180	20	290	25	-1	-1	10	-1	-1	-1	-1	雪隐
174	长夜无昼	33	7	1	5	359	5	80	50	120	100	200	150	320	200	520	250	172	5	-1	-1	-1	-1	-1	雪隐
175	梅开二度	25	7	1	5	359	5	80	50	120	100	200	150	320	200	520	250	172	5	-1	-1	-1	-1	-1	雪隐
176	一曲成殇	26	7	1	5	362	5	80	30	120	60	200	90	320	120	520	150	173	5	-1	-1	-1	-1	-1	雪隐
177	飞星晔夜	-1	8	0	1	-1	1	0	0	0	0	0	0	0	0	0	0	-1	-1	-1	-1	-1	-1	-1	逸仙
178	落英剑・神威	39	8	0	2	370	5	10	200	20	400	30	600	50	800	80	1000	-1	-1	-1	-1	2	-1	-1	逸仙
179	霁月行空	71	8	0	2	375	5	10	200	20	400	30	600	50	800	80	1000	-1	-1	-1	-1	-1	-1	-1	逸仙
180	一指透春寒	73	8	0	3	372	5	20	6	30	12	50	18	80	24	130	30	178	5	-1	-1	-1	-1	-1	逸仙
181	凌霄揽月	74	8	0	3	391	5	20	20	30	40	50	60	80	80	130	100	-1	-1	5	-1	-1	-1	-1	逸仙
182	旋花穿云	19	8	0	3	384	5	20	5	30	10	50	15	80	20	130	25	179	5	-1	-1	-1	-1	-1	逸仙
183	时移如梭	49	8	0	4	372	5	40	40	70	80	110	120	180	160	290	200	-1	-1	10	100	535	-1	-1	逸仙
184	绘洗晴岚	49	8	0	4	384	5	40	20	70	40	110	60	180	80	290	100	-1	-1	10	100	523	-1	-1	逸仙
185	畅淋漓	40	8	0	5	384	5	80	50	120	100	200	150	320	200	520	250	183	5	-1	-1	-1	-1	-1	逸仙
186	踏浪濯心	77	8	0	5	384	5	80	10	120	20	200	30	320	40	520	50	-1	-1	15	-1	-1	-1	-1	逸仙
187	穿林打叶	20	8	0	5	372	5	80	10	120	20	200	30	320	40	520	50	-1	-1	15	-1	-1	-1	-1	逸仙
188	欺烟困雨	-1	8	1	1	-1	1	0	0	0	0	0	0	0	0	0	0	-1	-1	-1	-1	-1	-1	-1	明鬼
189	落英剑・神威	39	8	1	2	370	5	10	200	20	400	30	600	50	800	80	1000	-1	-1	-1	-1	2	-1	-1	明鬼
190	骨重识寒	72	8	1	2	371	5	10	50	20	100	30	150	50	200	80	250	-1	-1	-1	-1	-1	-1	-1	明鬼
191	碎尘泥	72	8	1	3	392	5	20	100	30	200	50	300	80	400	130	500	189	5	-1	-1	-1	-1	-1	明鬼
192	罔象促梦	2	8	1	3	392	5	20	2	30	4	50	6	80	8	130	10	189	5	-1	-1	-1	-1	-1	明鬼
193	烛花催夜	2	8	1	3	374	5	20	2	30	4	50	6	80	8	130	10	190	5	-1	-1	-1	-1	-1	明鬼
194	残春待晓	75	8	1	4	393	5	40	150	70	300	110	450	180	600	290	750	-1	-1	10	10	-1	-1	-1	明鬼
195	怨清商	76	8	1	4	393	5	40	60	70	120	110	180	180	240	290	300	-1	-1	10	-1	-1	-1	-1	明鬼
196	浪流风逐	78	8	1	5	393	5	80	20	120	40	200	60	320	80	520	100	-1	-1	15	-1	-1	-1	-1	明鬼
197	烟霏殁	72	8	1	5	393	5	80	100	120	200	200	300	320	400	520	500	-1	-1	15	-1	-1	-1	-1	明鬼
198	蔽日吞天	79	8	1	5	389	5	80	42843	120	42844	200	42845	320	42846	520	42847	195	5	-1	-1	-1	-1	-1	明鬼
199	伏虎拳・破壁	87	0	0	6	160	5	12	40	24	80	36	120	60	160	96	200	-1	-1	20	-1	-1	-1	-1	少林2罗汉X1
200	伏虎拳・彻骨	89	0	0	6	160	5	12	10	24	20	36	30	60	40	96	50	-1	-1	20	-1	-1	-1	-1	少林2罗汉X2
201	金刚不渡	3	0	0	7	162	5	24	30	36	60	60	90	96	120	156	150	199	5	-1	-1	44260	-1	-1	少林2罗汉X3
202	观照般若	20	0	0	7	162	5	24	20	36	40	60	60	96	80	156	100	-1	-1	25	-1	-1	-1	-1	少林2罗汉X4
203	礼召佛光	91	0	0	7	162	5	24	44261	36	44262	60	44263	96	44264	156	44265	200	5	-1	-1	15	-1	-1	少林2罗汉X5
204	千斤坠	3	0	0	8	160	5	50	10	90	20	140	30	230	40	372	50	-1	-1	30	-1	44266	-1	-1	少林2罗汉X6
205	消障佛音	92	0	0	8	160	5	50	10	90	20	140	30	230	40	372	50	-1	-1	30	-1	44267	-1	-1	少林2罗汉X7
206	风卷行云	93	0	0	9	-1	5	96	0	144	0	240	0	384	0	624	0	-1	-1	35	-1	-1	-1	3593	少林2罗汉X8
207	流风化羽	93	0	0	9	-1	5	96	0	144	0	240	0	384	0	624	0	-1	-1	35	-1	-1	-1	3594	少林2罗汉X9
208	俱寂无声	93	0	0	9	-1	5	96	0	144	0	240	0	384	0	624	0	-1	-1	35	-1	-1	-1	3595	少林2罗汉X10
209	伏虎拳・破壁	87	0	1	6	160	5	12	40	24	80	36	120	60	160	96	200	-1	-1	20	-1	-1	-1	-1	少林2金刚Y1
210	固若金汤	94	0	1	6	-1	5	12	10	24	20	36	30	60	40	96	50	-1	-1	20	-1	-1	-1	-1	少林2金刚Y2
211	断秽解业	95	0	1	7	162	5	24	44288	36	44289	60	44290	96	44291	156	44292	209	5	-1	-1	100	-1	-1	少林2金刚Y3
212	锻心洗髓	113	0	1	7	-1	5	24	20	36	40	60	60	96	80	156	100	-1	-1	25	-1	-1	-1	-1	少林2金刚Y4
213	舍生悟我	114	0	1	7	-1	5	24	30	36	60	60	90	96	120	156	150	210	5	-1	-1	-1	-1	-1	少林2金刚Y5
214	降魔镇躯	96	0	1	8	162	5	50	100	90	200	140	300	230	400	372	500	-1	-1	30	-1	44293	-1	-1	少林2金刚Y6
215	禅心入定	115	0	1	8	-1	5	50	44294	90	44295	140	44296	230	44297	372	44298	-1	-1	30	-1	-1	-1	-1	少林2金刚Y7
216	风卷行云	93	0	1	9	-1	5	96	0	144	0	240	0	384	0	624	0	-1	-1	35	-1	-1	-1	3593	少林2金刚Y8
217	流风化羽	93	0	1	9	-1	5	96	0	144	0	240	0	384	0	624	0	-1	-1	35	-1	-1	-1	3594	少林2金刚Y9
218	俱寂无声	93	0	1	9	-1	5	96	0	144	0	240	0	384	0	624	0	-1	-1	35	-1	-1	-1	3595	少林2金刚Y10
219	摧心掌・破壁	87	1	0	6	187	5	12	40	24	80	36	120	60	160	96	200	-1	-1	20	-1	-1	-1	-1	明教2天罗X1
220	摧心掌・彻骨	89	1	0	6	187	5	12	10	24	20	36	30	60	40	96	50	-1	-1	20	-1	-1	-1	-1	明教2天罗X2
221	炎龙惑心	3	1	0	7	189	5	24	30	36	60	60	90	96	120	156	150	219	5	-1	-1	44299	-1	-1	明教2天罗X3
222	弦月擒霜	20	1	0	7	197	5	24	30	36	60	60	90	96	120	156	150	-1	-1	25	-1	-1	-1	-1	明教2天罗X4
223	圣火长明	91	1	0	7	189	5	24	44300	36	44301	60	44302	96	44303	156	44304	220	5	-1	-1	15	-1	-1	明教2天罗X5
224	赤焰压鼎	3	1	0	8	187	5	50	10	90	20	140	30	230	40	372	50	-1	-1	30	-1	44305	-1	-1	明教2天罗X6
225	在劫难逃	95	1	0	8	187	5	50	44306	90	44307	140	44308	230	44309	372	44310	-1	-1	30	-1	5	-1	-1	明教2天罗X7
226	风卷行云	93	1	0	9	-1	5	96	0	144	0	240	0	384	0	624	0	-1	-1	35	-1	-1	-1	3593	明教2天罗X8
227	流风化羽	93	1	0	9	-1	5	96	0	144	0	240	0	384	0	624	0	-1	-1	35	-1	-1	-1	3594	明教2天罗X9
228	俱寂无声	93	1	0	9	-1	5	96	0	144	0	240	0	384	0	624	0	-1	-1	35	-1	-1	-1	3595	明教2天罗X10
229	摧心掌・破壁	87	1	1	6	187	5	12	40	24	80	36	120	60	160	96	200	-1	-1	20	-1	-1	-1	-1	明教2血戾Y1
230	固若金汤	94	1	1	6	-1	5	12	10	24	20	36	30	60	40	96	50	-1	-1	20	-1	-1	-1	-1	明教2血戾Y2
231	透骨封心	96	1	1	7	189	5	24	120	36	240	60	360	96	480	156	600	229	5	-1	-1	44311	-1	-1	明教2血戾Y3
232	烈火焚身	97	1	1	7	189	5	24	70	36	140	60	210	96	280	156	350	-1	-1	25	-1	-1	-1	-1	明教2血戾Y4
233	噬月轮	95	1	1	7	189	5	24	44312	36	44313	60	44314	96	44315	156	44316	230	5	-1	-1	15	-1	-1	明教2血戾Y5
234	摧心留影	96	1	1	8	187	5	50	40	90	80	140	120	230	160	372	200	-1	-1	30	-1	44317	-1	-1	明教2血戾Y6
235	超凡入圣	98	1	1	8	187	5	50	20	90	40	140	60	230	80	372	100	-1	-1	30	-1	44318	-1	-1	明教2血戾Y7
236	风卷行云	93	1	1	9	-1	5	96	0	144	0	240	0	384	0	624	0	-1	-1	35	-1	-1	-1	3593	明教2血戾Y8
237	流风化羽	93	1	1	9	-1	5	96	0	144	0	240	0	384	0	624	0	-1	-1	35	-1	-1	-1	3594	明教2血戾Y9
238	俱寂无声	93	1	1	9	-1	5	96	0	144	0	240	0	384	0	624	0	-1	-1	35	-1	-1	-1	3595	明教2血戾Y10
239	蟠龙击・破壁	87	2	0	6	213	5	12	40	24	80	36	120	60	160	96	200	-1	-1	20	-1	-1	-1	-1	丐帮2酒狂X1
240	蟠龙击・彻骨	89	2	0	6	213	5	12	10	24	20	36	30	60	40	96	50	-1	-1	20	-1	-1	-1	-1	丐帮2酒狂X2
241	掌中池鱼	3	2	0	7	215	5	24	30	36	60	60	90	96	120	156	150	239	5	-1	-1	44319	-1	-1	丐帮2酒狂X3
242	醉里寻欢	2	2	0	7	234	5	24	6	36	12	60	18	96	24	156	30	-1	-1	25	-1	-1	-1	-1	丐帮2酒狂X4
243	花醉满堂	20	2	0	7	215	5	24	20	36	40	60	60	96	80	156	100	240	5	-1	-1	-1	-1	-1	丐帮2酒狂X5
244	长歌衔酒	3	2	0	8	213	5	50	10	90	20	140	30	230	40	372	50	-1	-1	30	-1	44325	-1	-1	丐帮2酒狂X6
245	空樽邀月	99	2	0	8	-1	5	50	40	90	80	140	120	230	160	372	200	-1	-1	30	-1	44326	-1	-1	丐帮2酒狂X7
246	风卷行云	93	2	0	9	-1	5	96	0	144	0	240	0	384	0	624	0	-1	-1	35	-1	-1	-1	3593	丐帮2酒狂X8
247	流风化羽	93	2	0	9	-1	5	96	0	144	0	240	0	384	0	624	0	-1	-1	35	-1	-1	-1	3594	丐帮2酒狂X9
248	俱寂无声	93	2	0	9	-1	5	96	0	144	0	240	0	384	0	624	0	-1	-1	35	-1	-1	-1	3595	丐帮2酒狂X10
249	蟠龙击・破壁	87	2	1	6	213	5	12	40	24	80	36	120	60	160	96	200	-1	-1	20	-1	-1	-1	-1	丐帮2行侠Y1
250	固若金汤	94	2	1	6	-1	5	12	10	24	20	36	30	60	40	96	50	-1	-1	20	-1	-1	-1	-1	丐帮2行侠Y2
251	惊鸿绝脉	96	2	1	7	215	5	24	120	36	240	60	360	96	480	156	600	249	5	-1	-1	44327	-1	-1	丐帮2行侠Y3
252	痛饮千坛	97	2	1	7	215	5	24	70	36	140	60	210	96	280	156	350	-1	-1	25	-1	-1	-1	-1	丐帮2行侠Y4
253	舟摇帘绕	95	2	1	7	214	5	24	44328	36	44329	60	44330	96	44331	156	44332	250	5	-1	-1	100	-1	-1	丐帮2行侠Y5
254	断杖拘狼	96	2	1	8	213	5	50	40	90	80	140	120	230	160	372	200	-1	-1	30	-1	44333	-1	-1	丐帮2行侠Y6
255	坐观云卷	100	2	1	8	235	5	50	70	90	140	140	210	230	280	372	350	-1	-1	30	-1	-1	-1	-1	丐帮2行侠Y7
256	风卷行云	93	2	1	9	-1	5	96	0	144	0	240	0	384	0	624	0	-1	-1	35	-1	-1	-1	3593	丐帮2行侠Y8
257	流风化羽	93	2	1	9	-1	5	96	0	144	0	240	0	384	0	624	0	-1	-1	35	-1	-1	-1	3594	丐帮2行侠Y9
258	俱寂无声	93	2	1	9	-1	5	96	0	144	0	240	0	384	0	624	0	-1	-1	35	-1	-1	-1	3595	丐帮2行侠Y10
259	八卦掌・滞脉	88	3	0	6	239	5	12	40	24	80	36	120	60	160	96	200	-1	-1	20	-1	-1	-1	-1	武当2凭虚X1
260	八卦掌・攻心	90	3	0	6	239	5	12	10	24	20	36	30	60	40	96	50	-1	-1	20	-1	-1	-1	-1	武当2凭虚X2
261	孤山闭	3	3	0	7	245	5	24	40	36	80	60	120	96	160	156	200	259	5	-1	-1	44334	-1	-1	武当2凭虚X3
262	剑指流云	92	3	0	7	245	5	24	40	36	80	60	120	96	160	156	200	-1	-1	25	-1	44394	-1	-1	武当2凭虚X4
263	万相皆归	91	3	0	7	240	5	24	44335	36	44336	60	44337	96	44338	156	44339	260	5	-1	-1	100	-1	-1	武当2凭虚X5
264	故步难离	3	3	0	8	239	5	50	10	90	20	140	30	230	40	372	50	-1	-1	30	-1	44340	-1	-1	武当2凭虚X6
265	疾光渐隐	49	3	0	8	249	5	50	50	90	100	140	150	230	200	372	250	-1	-1	30	2	373	-1	-1	武当2凭虚X7
266	唯我自在	93	3	0	9	-1	5	96	0	144	0	240	0	384	0	624	0	-1	-1	35	-1	-1	-1	3596	武当2凭虚X8
267	凝光照雪	93	3	0	9	-1	5	96	0	144	0	240	0	384	0	624	0	-1	-1	35	-1	-1	-1	3597	武当2凭虚X9
268	气定神闲	93	3	0	9	-1	5	96	0	144	0	240	0	384	0	624	0	-1	-1	35	-1	-1	-1	3598	武当2凭虚X10
269	八卦掌・滞脉	88	3	1	6	239	5	12	40	24	80	36	120	60	160	96	200	-1	-1	20	-1	-1	-1	-1	武当2摘星Y1
270	固若金汤	94	3	1	6	-1	5	12	10	24	20	36	30	60	40	96	50	-1	-1	20	-1	-1	-1	-1	武当2摘星Y2
271	断脉截元	96	3	1	7	242	5	24	60	36	120	60	180	96	240	156	300	269	5	-1	-1	44356	-1	-1	武当2摘星Y3
272	锐不可当	97	3	1	7	262	5	24	70	36	140	60	210	96	280	156	350	-1	-1	25	-1	-1	-1	-1	武当2摘星Y4
273	青锋化形	116	3	1	7	262	5	24	1	36	2	60	3	96	4	156	5	270	5	-1	2	379	-1	-1	武当2摘星Y5
274	刹那千年	96	3	1	8	239	5	50	40	90	80	140	120	230	160	372	200	-1	-1	30	-1	44357	-1	-1	武当2摘星Y6
275	落月飞星	102	3	1	8	247	5	50	1	90	2	140	3	230	4	372	5	-1	-1	30	-1	395	-1	-1	武当2摘星Y7
276	唯我自在	93	3	1	9	-1	5	96	0	144	0	240	0	384	0	624	0	-1	-1	35	-1	-1	-1	3596	武当2摘星Y8
277	凝光照雪	93	3	1	9	-1	5	96	0	144	0	240	0	384	0	624	0	-1	-1	35	-1	-1	-1	3597	武当2摘星Y9
278	气定神闲	93	3	1	9	-1	5	96	0	144	0	240	0	384	0	624	0	-1	-1	35	-1	-1	-1	3598	武当2摘星Y10
279	拜月・滞脉	88	4	0	6	265	5	12	40	24	80	36	120	60	160	96	200	-1	-1	20	-1	-1	-1	-1	峨嵋2沁芳X1
280	拜月・攻心	103	4	0	6	273	5	12	200	24	400	36	600	60	800	96	1000	-1	-1	20	-1	-1	-1	-1	峨嵋2沁芳X2
281	暄风一醉	3	4	0	7	267	5	24	70	36	140	60	210	96	280	156	350	279	5	-1	-1	44358	-1	-1	峨嵋2沁芳X3
282	鹊踏枝	20	4	0	7	279	5	24	20	36	40	60	60	96	80	156	100	-1	-1	25	-1	-1	-1	-1	峨嵋2沁芳X4
283	妙手回春	104	4	0	7	423	5	24	100	36	110	60	120	96	130	156	150	280	5	-1	-1	-1	-1	-1	峨嵋2沁芳X5
284	疏桐绊月	3	4	0	8	265	5	50	10	90	20	140	30	230	40	372	50	-1	-1	30	-1	44359	-1	-1	峨嵋2沁芳X6
285	泠月西沉	33	4	0	8	288	5	50	50	90	100	140	150	230	200	372	250	-1	-1	30	-1	-1	-1	-1	峨嵋2沁芳X7
286	唯我自在	93	4	0	9	-1	5	96	0	144	0	240	0	384	0	624	0	-1	-1	35	-1	-1	-1	3596	峨嵋2沁芳X8
287	凝光照雪	93	4	0	9	-1	5	96	0	144	0	240	0	384	0	624	0	-1	-1	35	-1	-1	-1	3597	峨嵋2沁芳X9
288	气定神闲	93	4	0	9	-1	5	96	0	144	0	240	0	384	0	624	0	-1	-1	35	-1	-1	-1	3598	峨嵋2沁芳X10
289	拜月・滞脉	88	4	1	6	265	5	12	40	24	80	36	120	60	160	96	200	-1	-1	20	-1	-1	-1	-1	峨嵋2清音Y1
290	固若金汤	94	4	1	6	-1	5	12	10	24	20	36	30	60	40	96	50	-1	-1	20	-1	-1	-1	-1	峨嵋2清音Y2
291	四面楚歌	96	4	1	7	267	5	24	150	36	300	60	450	96	600	156	750	289	5	-1	-1	44360	-1	-1	峨嵋2清音Y3
292	一顾倾城	97	4	1	7	267	5	24	100	36	200	60	300	96	400	156	500	-1	-1	25	-1	-1	-1	-1	峨嵋2清音Y4
293	月落寒江	105	4	1	7	-1	5	24	20	36	40	60	60	96	80	156	100	290	5	-1	-1	-1	-1	-1	峨嵋2清音Y5
294	曲遏行云	96	4	1	8	265	5	50	40	90	80	140	120	230	160	372	200	-1	-1	30	-1	44361	-1	-1	峨嵋2清音Y6
295	余音绕梁	34	4	1	8	287	5	50	2	90	4	140	6	230	8	372	10	-1	-1	30	-1	-1	-1	-1	峨嵋2清音Y7
296	唯我自在	93	4	1	9	-1	5	96	0	144	0	240	0	384	0	624	0	-1	-1	35	-1	-1	-1	3596	峨嵋2清音Y8
297	凝光照雪	93	4	1	9	-1	5	96	0	144	0	240	0	384	0	624	0	-1	-1	35	-1	-1	-1	3597	峨嵋2清音Y9
298	气定神闲	93	4	1	9	-1	5	96	0	144	0	240	0	384	0	624	0	-1	-1	35	-1	-1	-1	3598	峨嵋2清音Y10
299	蓝砂手・滞脉	88	5	0	6	291	5	12	40	24	80	36	120	60	160	96	200	-1	-1	20	-1	-1	-1	-1	星宿2寒冥X1
300	蓝砂手・攻心	90	5	0	6	291	5	12	10	24	20	36	30	60	40	96	50	-1	-1	20	-1	-1	-1	-1	星宿2寒冥X2
301	冰幽封魂	3	5	0	7	293	5	24	70	36	140	60	210	96	280	156	350	299	5	-1	-1	44362	-1	-1	星宿2寒冥X3
302	索命追魂	20	5	0	7	293	5	24	20	36	40	60	60	96	80	156	100	-1	-1	25	-1	-1	-1	-1	星宿2寒冥X4
303	附骨之疽	106	5	0	7	301	5	24	100	36	200	60	300	96	400	156	500	300	5	-1	-1	-1	-1	-1	星宿2寒冥X5
304	缠缚之怨	3	5	0	8	291	5	50	10	90	20	140	30	230	40	372	50	-1	-1	30	-1	44363	-1	-1	星宿2寒冥X6
305	御守冥星	107	5	0	8	-1	5	50	6	90	12	140	18	230	24	372	30	-1	-1	30	-1	-1	-1	-1	星宿2寒冥X7
306	唯我自在	93	5	0	9	-1	5	96	0	144	0	240	0	384	0	624	0	-1	-1	35	-1	-1	-1	3596	星宿2寒冥X8
307	凝光照雪	93	5	0	9	-1	5	96	0	144	0	240	0	384	0	624	0	-1	-1	35	-1	-1	-1	3597	星宿2寒冥X9
308	气定神闲	93	5	0	9	-1	5	96	0	144	0	240	0	384	0	624	0	-1	-1	35	-1	-1	-1	3598	星宿2寒冥X10
309	蓝砂手・滞脉	88	5	1	6	291	5	12	40	24	80	36	120	60	160	96	200	-1	-1	20	-1	-1	-1	-1	星宿2九厄Y1
310	固若金汤	94	5	1	6	-1	5	12	10	24	20	36	30	60	40	96	50	-1	-1	20	-1	-1	-1	-1	星宿2九厄Y2
311	深幽蚀脉	96	5	1	7	293	5	24	150	36	300	60	450	96	600	156	750	309	5	-1	-1	44364	-1	-1	星宿2九厄Y3
312	厄冥销骨	97	5	1	7	293	5	24	100	36	200	60	300	96	400	156	500	-1	-1	25	-1	-1	-1	-1	星宿2九厄Y4
313	蟾毒碎心	108	5	1	7	-1	5	24	10	36	20	60	30	96	40	156	50	310	5	-1	-1	-1	-1	-1	星宿2九厄Y5
314	噬心摄魄	96	5	1	8	291	5	50	40	90	80	140	120	230	160	372	200	-1	-1	30	-1	44365	-1	-1	星宿2九厄Y6
315	月盈无悲	109	5	1	8	299	5	50	20	90	40	140	60	230	80	372	100	-1	-1	30	-1	-1	-1	-1	星宿2九厄Y7
316	唯我自在	93	5	1	9	-1	5	96	0	144	0	240	0	384	0	624	0	-1	-1	35	-1	-1	-1	3596	星宿2九厄Y8
317	凝光照雪	93	5	1	9	-1	5	96	0	144	0	240	0	384	0	624	0	-1	-1	35	-1	-1	-1	3597	星宿2九厄Y9
318	气定神闲	93	5	1	9	-1	5	96	0	144	0	240	0	384	0	624	0	-1	-1	35	-1	-1	-1	3598	星宿2九厄Y10
319	正阳手・滞脉	88	6	0	6	317	5	12	40	24	80	36	120	60	160	96	200	-1	-1	20	-1	-1	-1	-1	天龙2龙威X1
320	正阳手・攻心	90	6	0	6	317	5	12	10	24	20	36	30	60	40	96	50	-1	-1	20	-1	-1	-1	-1	天龙2龙威X2
321	明月封心	96	6	0	7	319	5	24	120	36	240	60	360	96	480	156	600	319	5	-1	-1	44366	-1	-1	天龙2龙威X3
322	血染澜沧	97	6	0	7	319	5	24	70	36	140	60	210	96	280	156	350	-1	-1	25	-1	-1	-1	-1	天龙2龙威X4
323	指尖晨昏	9	6	0	7	319	5	24	100	36	200	60	300	96	400	156	500	320	5	-1	60	481	-1	-1	天龙2龙威X5
324	袖手蹒跚	96	6	0	8	317	5	50	40	90	80	140	120	230	160	372	200	-1	-1	30	-1	44369	-1	-1	天龙2龙威X6
325	扶光赶月	2	6	0	8	338	5	50	20	90	40	140	60	230	80	372	100	-1	-1	30	-1	-1	-1	-1	天龙2龙威X7
326	唯我自在	93	6	0	9	-1	5	96	0	144	0	240	0	384	0	624	0	-1	-1	35	-1	-1	-1	3596	天龙2龙威X8
327	凝光照雪	93	6	0	9	-1	5	96	0	144	0	240	0	384	0	624	0	-1	-1	35	-1	-1	-1	3597	天龙2龙威X9
328	气定神闲	93	6	0	9	-1	5	96	0	144	0	240	0	384	0	624	0	-1	-1	35	-1	-1	-1	3598	天龙2龙威X10
329	正阳手・滞脉	88	6	1	6	317	5	12	40	24	80	36	120	60	160	96	200	-1	-1	20	-1	-1	-1	-1	天龙2菩天Y1
330	固若金汤	94	6	1	6	-1	5	12	10	24	20	36	30	60	40	96	50	-1	-1	20	-1	-1	-1	-1	天龙2菩天Y2
331	夜雨瞒天	3	6	1	7	319	5	24	30	36	60	60	90	96	120	156	150	329	5	-1	-1	44368	-1	-1	天龙2菩天Y3
332	破妄诀	20	6	1	7	319	5	24	20	36	40	60	60	96	80	156	100	-1	-1	25	-1	-1	-1	-1	天龙2菩天Y4
333	江月悲人	2	6	1	7	325	5	24	2	36	4	60	6	96	8	156	10	330	5	-1	-1	-1	-1	-1	天龙2菩天Y5
334	狂风缓度	3	6	1	8	317	5	50	10	90	20	140	30	230	40	372	50	-1	-1	30	-1	44367	-1	-1	天龙2菩天Y6
335	弹指三更	116	6	1	8	319	5	50	2	90	4	140	6	230	8	372	10	-1	-1	30	30	488	-1	-1	天龙2菩天Y7
336	唯我自在	93	6	1	9	-1	5	96	0	144	0	240	0	384	0	624	0	-1	-1	35	-1	-1	-1	3596	天龙2菩天Y8
337	凝光照雪	93	6	1	9	-1	5	96	0	144	0	240	0	384	0	624	0	-1	-1	35	-1	-1	-1	3597	天龙2菩天Y9
338	气定神闲	93	6	1	9	-1	5	96	0	144	0	240	0	384	0	624	0	-1	-1	35	-1	-1	-1	3598	天龙2菩天Y10
339	雁南飞・破壁	87	7	0	6	343	5	12	40	24	80	36	120	60	160	96	200	-1	-1	20	-1	-1	-1	-1	天山2霜凝X1
340	雁南飞・彻骨	89	7	0	6	343	5	12	10	24	20	36	30	60	40	96	50	-1	-1	20	-1	-1	-1	-1	天山2霜凝X2
341	千里冰封	3	7	0	7	345	5	24	30	36	60	60	90	96	120	156	150	339	5	-1	-1	44370	-1	-1	天山2霜凝X3
342	凤逐千里	2	7	0	7	365	5	24	20	36	40	60	60	96	80	156	100	-1	-1	25	-1	-1	-1	-1	天山2霜凝X4
343	寻风赶月	91	7	0	7	345	5	24	44371	36	44372	60	44373	96	44374	156	44375	340	5	-1	-1	15	-1	-1	天山2霜凝X5
344	霜翎之梏	111	7	0	8	343	5	50	10	90	20	140	30	230	40	372	50	-1	-1	30	-1	44376	-1	-1	天山2霜凝X6
345	如雁如歌	95	7	0	8	343	5	50	44377	90	44378	140	44379	230	44380	372	44381	-1	-1	30	-1	5	-1	-1	天山2霜凝X7
346	风卷行云	93	7	0	9	-1	5	96	0	144	0	240	0	384	0	624	0	-1	-1	35	-1	-1	-1	3593	天山2霜凝X8
347	流风化羽	93	7	0	9	-1	5	96	0	144	0	240	0	384	0	624	0	-1	-1	35	-1	-1	-1	3594	天山2霜凝X9
348	俱寂无声	93	7	0	9	-1	5	96	0	144	0	240	0	384	0	624	0	-1	-1	35	-1	-1	-1	3595	天山2霜凝X10
349	雁南飞・破壁	87	7	1	6	343	5	12	40	24	80	36	120	60	160	96	200	-1	-1	20	-1	-1	-1	-1	天山2雪隐Y1
350	固若金汤	94	7	1	6	-1	5	12	10	24	20	36	30	60	40	96	50	-1	-1	20	-1	-1	-1	-1	天山2雪隐Y2
351	万里霜寒	96	7	1	7	345	5	24	120	36	240	60	360	96	480	156	600	349	5	-1	-1	44382	-1	-1	天山2雪隐Y3
352	惊鸿一击	97	7	1	7	345	5	24	70	36	140	60	210	96	280	156	350	-1	-1	25	-1	-1	-1	-1	天山2雪隐Y4
353	行云流水	9	7	1	7	345	5	24	50	36	100	60	150	96	200	156	250	350	5	-1	999999	495	-1	-1	天山2雪隐Y5
354	凌羽化缚	112	7	1	8	343	5	50	40	90	80	140	120	230	160	372	200	-1	-1	30	-1	44383	-1	-1	天山2雪隐Y6
355	游雁不羁	118	7	1	8	-1	5	50	75	90	150	140	225	230	300	372	375	-1	-1	30	-1	-1	-1	-1	天山2雪隐Y7
356	风卷行云	93	7	1	9	-1	5	96	0	144	0	240	0	384	0	624	0	-1	-1	35	-1	-1	-1	3593	天山2雪隐Y8
357	流风化羽	93	7	1	9	-1	5	96	0	144	0	240	0	384	0	624	0	-1	-1	35	-1	-1	-1	3594	天山2雪隐Y9
358	俱寂无声	93	7	1	9	-1	5	96	0	144	0	240	0	384	0	624	0	-1	-1	35	-1	-1	-1	3595	天山2雪隐Y10
359	落英剑・滞脉	88	8	0	6	370	5	12	40	24	80	36	120	60	160	96	200	-1	-1	20	-1	-1	-1	-1	逍遥2逸仙X1
360	落英剑・攻心	90	8	0	6	370	5	12	10	24	20	36	30	60	40	96	50	-1	-1	20	-1	-1	-1	-1	逍遥2逸仙X2
361	定风波	3	8	0	7	372	5	24	30	36	60	60	90	96	120	156	150	359	5	-1	-1	44384	-1	-1	逍遥2逸仙X3
362	金石为开	117	8	0	7	372	5	24	20	36	40	60	60	96	80	156	100	-1	-1	25	-1	-1	-1	-1	逍遥2逸仙X4
363	夜尽无明	21	8	0	7	382	5	24	20	36	40	60	60	96	80	156	100	360	5	-1	-1	-1	-1	-1	逍遥2逸仙X5
364	寸步难行	3	8	0	8	370	5	50	10	90	20	140	30	230	40	372	50	-1	-1	30	-1	44385	-1	-1	逍遥2逸仙X6
365	剑心至明	97	8	0	8	384	5	50	70	90	140	140	210	230	280	372	350	-1	-1	30	-1	-1	-1	-1	逍遥2逸仙X7
366	唯我自在	93	8	0	9	-1	5	96	0	144	0	240	0	384	0	624	0	-1	-1	35	-1	-1	-1	3596	逍遥2逸仙X8
367	凝光照雪	93	8	0	9	-1	5	96	0	144	0	240	0	384	0	624	0	-1	-1	35	-1	-1	-1	3597	逍遥2逸仙X9
368	气定神闲	93	8	0	9	-1	5	96	0	144	0	240	0	384	0	624	0	-1	-1	35	-1	-1	-1	3598	逍遥2逸仙X10
369	落英剑・滞脉	88	8	1	6	370	5	12	40	24	80	36	120	60	160	96	200	-1	-1	20	-1	-1	-1	-1	逍遥2明鬼Y1
370	固若金汤	94	8	1	6	-1	5	12	10	24	20	36	30	60	40	96	50	-1	-1	20	-1	-1	-1	-1	逍遥2明鬼Y2
371	点灵犀	96	8	1	7	372	5	24	120	36	240	60	360	96	480	156	600	369	5	-1	-1	44386	-1	-1	逍遥2明鬼Y3
372	碎玉研珠	97	8	1	7	372	5	24	20	36	40	60	60	96	80	156	100	-1	-1	25	-1	-1	-1	-1	逍遥2明鬼Y4
373	一念通神	49	8	1	7	374	5	24	50	36	100	60	150	96	200	156	250	370	5	-1	999999	523	-1	-1	逍遥2明鬼Y5
374	摧风倒履	96	8	1	8	370	5	50	40	90	80	140	120	230	160	372	200	-1	-1	30	-1	44387	-1	-1	逍遥2明鬼Y6
375	凭云浣月	49	8	1	8	370	5	50	20	90	40	140	60	230	80	372	100	-1	-1	30	5	527	-1	-1	逍遥2明鬼Y7
376	唯我自在	93	8	1	9	-1	5	96	0	144	0	240	0	384	0	624	0	-1	-1	35	-1	-1	-1	3596	逍遥2明鬼Y8
377	凝光照雪	93	8	1	9	-1	5	96	0	144	0	240	0	384	0	624	0	-1	-1	35	-1	-1	-1	3597	逍遥2明鬼Y9
378	气定神闲	93	8	1	9	-1	5	96	0	144	0	240	0	384	0	624	0	-1	-1	35	-1	-1	-1	3598	逍遥2明鬼Y10
379	弦歌不辍	-1	10	0	1	-1	1	0	0	0	0	0	0	0	0	0	0	-1	-1	-1	-1	-1	-1	-1	曼陀山庄弦歌不缀被动
380	余音・神威	39	10	0	2	396	5	10	200	20	400	30	600	50	800	80	1000	-1	-1	-1	-1	2	-1	-1	曼陀山庄晚籁X1
381	朱弦叹	62	10	0	2	398	5	10	60	20	120	30	180	50	240	80	300	-1	-1	-1	-1	34	-1	-1	曼陀山庄晚籁X2
382	觅知音	20	10	0	3	399	5	20	20	30	40	50	60	80	80	130	100	380	5	-1	-1	-1	-1	-1	曼陀山庄晚籁X3
383	塞下曲	92	10	0	3	403	5	20	20	30	40	50	60	80	80	130	100	380	5	-1	-1	44799	-1	-1	曼陀山庄晚籁X4
384	春泥护花	119	10	0	3	409	5	20	100	30	200	50	300	80	400	130	500	381	5	-1	-1	-1	-1	-1	曼陀山庄晚籁X5
385	殊曲尤续	49	10	0	4	396	5	40	20	70	40	110	60	180	80	290	100	-1	-1	10	2	763	-1	-1	曼陀山庄晚籁X6
386	曲断愁肠	49	10	0	4	407	5	40	80	70	160	110	240	180	320	290	400	-1	-1	10	2	767	-1	-1	曼陀山庄晚籁X7
387	绝调镇魂	41	10	0	5	399	5	80	40	120	80	200	120	320	160	520	200	385	5	-1	-1	-1	-1	-1	曼陀山庄晚籁X8
388	冷露无声	4	10	0	5	405	5	80	100	120	200	200	300	320	400	520	500	-1	-1	15	-1	-1	-1	-1	曼陀山庄晚籁X9
389	悲音不共	120	10	0	5	416	5	80	480	120	510	200	540	320	570	520	600	-1	-1	15	-1	-1	-1	-1	曼陀山庄晚籁X10
390	韶光照野	-1	10	1	1	-1	1	0	0	0	0	0	0	0	0	0	0	-1	-1	-1	-1	-1	-1	-1	曼陀山庄韶光照野被动
391	余音・神威	39	10	1	2	396	5	10	200	20	400	30	600	50	800	80	1000	-1	-1	-1	-1	2	-1	-1	曼陀山庄昭明Y1
392	北风愁杀	33	10	1	2	397	5	10	30	20	60	30	90	50	120	80	150	-1	-1	-1	-1	-1	-1	-1	曼陀山庄昭明Y2
393	阳春唱遍	1	10	1	3	404	5	20	80	30	160	50	240	80	320	130	400	391	5	-1	-1	5	-1	-1	曼陀山庄昭明Y3
394	瘦尽灯花	21	10	1	3	407	5	20	20	30	40	50	60	80	80	130	100	391	5	-1	-1	-1	-1	-1	曼陀山庄昭明Y4
395	春景有限	121	10	1	3	417	5	20	10	30	20	50	30	80	40	130	50	392	5	-1	-1	-1	-1	-1	曼陀山庄昭明Y5
396	莫负今朝	9	10	1	4	399	5	40	50	70	100	110	150	180	200	290	250	-1	-1	10	999	768	-1	-1	曼陀山庄昭明Y6
397	风鼓琼林	122	10	1	4	415	5	40	200	70	400	110	600	180	800	290	1000	-1	-1	10	-1	-1	-1	-1	曼陀山庄昭明Y7
398	心付瑶琴	4	10	1	5	418	5	80	50	120	100	200	150	320	200	520	250	396	5	-1	-1	-1	-1	-1	曼陀山庄昭明Y8
399	急竹繁丝	123	10	1	5	400	5	80	30	120	60	200	90	320	120	520	150	-1	-1	15	-1	44891	-1	-1	曼陀山庄昭明Y9
400	尽奏清商	34	10	1	5	419	5	80	-800	120	-1600	200	-2400	320	-3200	520	-4000	-1	-1	15	-1	-1	-1	-1	曼陀山庄昭明Y10
401	余音・滞脉	88	10	0	6	396	5	12	40	24	80	36	120	60	160	96	200	-1	-1	20	-1	-1	-1	-1	曼陀山庄2晚籁X1
402	余音・攻心	90	10	0	6	396	5	12	10	24	20	36	30	60	40	96	50	-1	-1	20	-1	-1	-1	-1	曼陀山庄2晚籁X2
403	尘曲休	3	10	0	7	399	5	24	30	36	60	60	90	96	120	156	150	401	5	-1	-1	44912	-1	-1	曼陀山庄2晚籁X3
404	曲震林樾	124	10	0	7	399	5	24	20	36	40	60	60	96	80	156	100	-1	-1	25	-1	-1	-1	-1	曼陀山庄2晚籁X4
405	五音迷障	21	10	0	7	411	5	24	20	36	40	60	60	96	80	156	100	402	5	-1	-1	-1	-1	-1	曼陀山庄2晚籁X5
406	孤声留客	3	10	0	8	396	5	50	10	90	20	140	30	230	40	372	50	-1	-1	30	-1	44913	-1	-1	曼陀山庄2晚籁X6
407	弦送寒音	49	10	0	8	411	5	50	60	90	120	140	180	230	240	372	300	405	5	-1	2	763	-1	-1	曼陀山庄2晚籁X7
408	唯我自在	93	10	0	9	-1	5	96	0	144	0	240	0	384	0	624	0	-1	-1	35	-1	-1	-1	3596	曼陀山庄2晚籁X8
409	凝光照雪	93	10	0	9	-1	5	96	0	144	0	240	0	384	0	624	0	-1	-1	35	-1	-1	-1	3597	曼陀山庄2晚籁X9
410	气定神闲	93	10	0	9	-1	5	96	0	144	0	240	0	384	0	624	0	-1	-1	35	-1	-1	-1	3598	曼陀山庄2晚籁X10
411	余音・滞脉	88	10	1	6	396	5	12	40	24	80	36	120	60	160	96	200	-1	-1	20	-1	-1	-1	-1	曼陀山庄2昭明Y1
412	固若金汤	94	10	1	6	-1	5	12	10	24	20	36	30	60	40	96	50	-1	-1	20	-1	-1	-1	-1	曼陀山庄2昭明Y2
413	春寒寂	96	10	1	7	399	5	24	120	36	240	60	360	96	480	156	600	411	5	-1	-1	44914	-1	-1	曼陀山庄2昭明Y3
414	长歌当哭	97	10	1	7	399	5	24	70	36	140	60	210	96	280	156	350	-1	-1	25	-1	-1	-1	-1	曼陀山庄2昭明Y4
415	振衣天风	125	10	1	7	402	5	24	100	36	200	60	300	96	400	156	500	412	5	-1	-1	-1	-1	-1	曼陀山庄2昭明Y5
416	流云不转	3	10	1	8	396	5	50	40	90	80	140	120	230	160	372	200	-1	-1	30	-1	44915	-1	-1	曼陀山庄2昭明Y6
417	大风歌	126	10	1	8	399	5	50	100	90	200	140	300	230	400	372	500	-1	-1	30	-1	-1	-1	-1	曼陀山庄2昭明Y7
418	唯我自在	93	10	1	9	-1	5	96	0	144	0	240	0	384	0	624	0	-1	-1	35	-1	-1	-1	3596	曼陀山庄2昭明Y8
419	凝光照雪	93	10	1	9	-1	5	96	0	144	0	240	0	384	0	624	0	-1	-1	35	-1	-1	-1	3597	曼陀山庄2昭明Y9
420	气定神闲	93	10	1	9	-1	5	96	0	144	0	240	0	384	0	624	0	-1	-1	35	-1	-1	-1	3598	曼陀山庄2昭明Y10
